
DETreg56_reg56_g0_to_g0 = [
    1    1    1    1     1     1     1    1    1    1  1.92188E+00 0.00151 
];


DETreg56_reg56_g0_to_g0E = [
 0.00000E+00  6.25000E-07  3.12500E-07
];

DETreg56_reg56_g0_to_g1 = [
    1    1    1    1     1     1     1    1    1    1  1.89883E-03 0.02323 
];


DETreg56_reg56_g0_to_g1E = [
 6.25000E-07  2.00000E+01  1.00000E+01
];

DETreg56_reg56_g1_to_g0 = [
    1    1    1    1     1     1     1    1    1    1  1.64470E-01 0.00210 
];


DETreg56_reg56_g1_to_g0E = [
 0.00000E+00  6.25000E-07  3.12500E-07
];

DETreg56_reg56_g1_to_g1 = [
    1    1    1    1     1     1     1    1    1    1  2.84498E+00 0.00089 
];


DETreg56_reg56_g1_to_g1E = [
 6.25000E-07  2.00000E+01  1.00000E+01
];

DETtotal_rate_reg56_g0 = [
    1    1    1    1     1     1     1    1    1    1  5.00453E+00 0.00121 
];


DETtotal_rate_reg56_g0E = [
 0.00000E+00  6.25000E-07  3.12500E-07
];

DETtotal_rate_reg56_g1 = [
    1    1    1    1     1     1     1    1    1    1  1.29952E+01 0.00075 
];


DETtotal_rate_reg56_g1E = [
 6.25000E-07  2.00000E+01  1.00000E+01
];

DETreg56_reg55_g0_to_g0 = [
    1    1    1    1     1     1     1    1    1    1  4.31558E-01 0.00139 
];


DETreg56_reg55_g0_to_g0E = [
 0.00000E+00  6.25000E-07  3.12500E-07
];

DETreg56_reg55_g0_to_g1 = [
    1    1    1    1     1     1     1    1    1    1  4.56196E-04 0.04722 
];


DETreg56_reg55_g0_to_g1E = [
 6.25000E-07  2.00000E+01  1.00000E+01
];

DETreg56_reg55_g1_to_g0 = [
    1    1    1    1     1     1     1    1    1    1  4.13031E-02 0.00483 
];


DETreg56_reg55_g1_to_g0E = [
 0.00000E+00  6.25000E-07  3.12500E-07
];

DETreg56_reg55_g1_to_g1 = [
    1    1    1    1     1     1     1    1    1    1  1.02198E+00 0.00115 
];


DETreg56_reg55_g1_to_g1E = [
 6.25000E-07  2.00000E+01  1.00000E+01
];

DETreg56_surface24_g0_to_g0 = [
    1    1    1    1     1     1     1    1    1    1 -6.54800E-01 0.00162 
];


DETreg56_surface24_g0_to_g0E = [
 0.00000E+00  6.25000E-07  3.12500E-07
];

DETreg56_surface22_g0_to_g0 = [
    1    1    1    1     1     1     1    1    1    1 -6.56191E-01 0.00173 
];


DETreg56_surface22_g0_to_g0E = [
 0.00000E+00  6.25000E-07  3.12500E-07
];

DETreg56_surface23_g0_to_g0 = [
    1    1    1    1     1     1     1    1    1    1  6.55693E-01 0.00170 
];


DETreg56_surface23_g0_to_g0E = [
 0.00000E+00  6.25000E-07  3.12500E-07
];

DETreg56_surface21_g0_to_g0 = [
    1    1    1    1     1     1     1    1    1    1  6.54907E-01 0.00171 
];


DETreg56_surface21_g0_to_g0E = [
 0.00000E+00  6.25000E-07  3.12500E-07
];

DETreg56_surface24_g0_to_g1 = [
    1    1    1    1     1     1     1    1    1    1 -1.02643E-03 0.02972 
];


DETreg56_surface24_g0_to_g1E = [
 6.25000E-07  2.00000E+01  1.00000E+01
];

DETreg56_surface22_g0_to_g1 = [
    1    1    1    1     1     1     1    1    1    1 -1.08351E-03 0.02994 
];


DETreg56_surface22_g0_to_g1E = [
 6.25000E-07  2.00000E+01  1.00000E+01
];

DETreg56_surface23_g0_to_g1 = [
    1    1    1    1     1     1     1    1    1    1  1.01400E-03 0.03318 
];


DETreg56_surface23_g0_to_g1E = [
 6.25000E-07  2.00000E+01  1.00000E+01
];

DETreg56_surface21_g0_to_g1 = [
    1    1    1    1     1     1     1    1    1    1  9.68925E-04 0.03207 
];


DETreg56_surface21_g0_to_g1E = [
 6.25000E-07  2.00000E+01  1.00000E+01
];

DETreg56_surface24_g1_to_g0 = [
    1    1    1    1     1     1     1    1    1    1 -7.88338E-02 0.00359 
];


DETreg56_surface24_g1_to_g0E = [
 0.00000E+00  6.25000E-07  3.12500E-07
];

DETreg56_surface22_g1_to_g0 = [
    1    1    1    1     1     1     1    1    1    1 -7.83215E-02 0.00349 
];


DETreg56_surface22_g1_to_g0E = [
 0.00000E+00  6.25000E-07  3.12500E-07
];

DETreg56_surface23_g1_to_g0 = [
    1    1    1    1     1     1     1    1    1    1  7.83983E-02 0.00338 
];


DETreg56_surface23_g1_to_g0E = [
 0.00000E+00  6.25000E-07  3.12500E-07
];

DETreg56_surface21_g1_to_g0 = [
    1    1    1    1     1     1     1    1    1    1  7.87049E-02 0.00356 
];


DETreg56_surface21_g1_to_g0E = [
 0.00000E+00  6.25000E-07  3.12500E-07
];

DETreg56_surface24_g1_to_g1 = [
    1    1    1    1     1     1     1    1    1    1 -2.15242E+00 0.00100 
];


DETreg56_surface24_g1_to_g1E = [
 6.25000E-07  2.00000E+01  1.00000E+01
];

DETreg56_surface22_g1_to_g1 = [
    1    1    1    1     1     1     1    1    1    1 -2.14896E+00 0.00097 
];


DETreg56_surface22_g1_to_g1E = [
 6.25000E-07  2.00000E+01  1.00000E+01
];

DETreg56_surface23_g1_to_g1 = [
    1    1    1    1     1     1     1    1    1    1  2.15296E+00 0.00099 
];


DETreg56_surface23_g1_to_g1E = [
 6.25000E-07  2.00000E+01  1.00000E+01
];

DETreg56_surface21_g1_to_g1 = [
    1    1    1    1     1     1     1    1    1    1  2.15083E+00 0.00101 
];


DETreg56_surface21_g1_to_g1E = [
 6.25000E-07  2.00000E+01  1.00000E+01
];
