
DETsurface_24_jin_g0 = [
    1    1    1    1     1     1     1    1    1    1  1.34955E+00 0.00127 
];


DETsurface_24_jin_g0E = [
 0.00000E+00  6.25000E-07  3.12500E-07
];

DETsurface_22_jin_g0 = [
    1    1    1    1     1     1     1    1    1    1  1.35037E+00 0.00134 
];


DETsurface_22_jin_g0E = [
 0.00000E+00  6.25000E-07  3.12500E-07
];

DETsurface_23_jin_g0 = [
    1    1    1    1     1     1     1    1    1    1 -1.35088E+00 0.00129 
];


DETsurface_23_jin_g0E = [
 0.00000E+00  6.25000E-07  3.12500E-07
];

DETsurface_21_jin_g0 = [
    1    1    1    1     1     1     1    1    1    1 -1.35069E+00 0.00135 
];


DETsurface_21_jin_g0E = [
 0.00000E+00  6.25000E-07  3.12500E-07
];

DETsurface_24_jin_g1 = [
    1    1    1    1     1     1     1    1    1    1  9.58052E+00 0.00092 
];


DETsurface_24_jin_g1E = [
 6.25000E-07  2.00000E+01  1.00000E+01
];

DETsurface_22_jin_g1 = [
    1    1    1    1     1     1     1    1    1    1  9.58321E+00 0.00087 
];


DETsurface_22_jin_g1E = [
 6.25000E-07  2.00000E+01  1.00000E+01
];

DETsurface_23_jin_g1 = [
    1    1    1    1     1     1     1    1    1    1 -9.58432E+00 0.00092 
];


DETsurface_23_jin_g1E = [
 6.25000E-07  2.00000E+01  1.00000E+01
];

DETsurface_21_jin_g1 = [
    1    1    1    1     1     1     1    1    1    1 -9.58228E+00 0.00087 
];


DETsurface_21_jin_g1E = [
 6.25000E-07  2.00000E+01  1.00000E+01
];

DETsurface_24_to_reg55_g0 = [
    1    1    1    1     1     1     1    1    1    1  1.76913E-01 0.00230 
];


DETsurface_24_to_reg55_g0E = [
 0.00000E+00  6.25000E-07  3.12500E-07
];

DETsurface_22_to_reg55_g0 = [
    1    1    1    1     1     1     1    1    1    1  1.77407E-01 0.00231 
];


DETsurface_22_to_reg55_g0E = [
 0.00000E+00  6.25000E-07  3.12500E-07
];

DETsurface_23_to_reg55_g0 = [
    1    1    1    1     1     1     1    1    1    1  1.76577E-01 0.00233 
];


DETsurface_23_to_reg55_g0E = [
 0.00000E+00  6.25000E-07  3.12500E-07
];

DETsurface_21_to_reg55_g0 = [
    1    1    1    1     1     1     1    1    1    1  1.77108E-01 0.00248 
];


DETsurface_21_to_reg55_g0E = [
 0.00000E+00  6.25000E-07  3.12500E-07
];

DETsurface_24_to_reg55_g1 = [
    1    1    1    1     1     1     1    1    1    1  1.20517E+00 0.00118 
];


DETsurface_24_to_reg55_g1E = [
 6.25000E-07  2.00000E+01  1.00000E+01
];

DETsurface_22_to_reg55_g1 = [
    1    1    1    1     1     1     1    1    1    1  1.20749E+00 0.00117 
];


DETsurface_22_to_reg55_g1E = [
 6.25000E-07  2.00000E+01  1.00000E+01
];

DETsurface_23_to_reg55_g1 = [
    1    1    1    1     1     1     1    1    1    1  1.20646E+00 0.00119 
];


DETsurface_23_to_reg55_g1E = [
 6.25000E-07  2.00000E+01  1.00000E+01
];

DETsurface_21_to_reg55_g1 = [
    1    1    1    1     1     1     1    1    1    1  1.20488E+00 0.00122 
];


DETsurface_21_to_reg55_g1E = [
 6.25000E-07  2.00000E+01  1.00000E+01
];

DETsurface_24_to_reg56_g0 = [
    1    1    1    1     1     1     1    1    1    1  6.67383E-01 0.00164 
];


DETsurface_24_to_reg56_g0E = [
 0.00000E+00  6.25000E-07  3.12500E-07
];

DETsurface_22_to_reg56_g0 = [
    1    1    1    1     1     1     1    1    1    1  6.67748E-01 0.00169 
];


DETsurface_22_to_reg56_g0E = [
 0.00000E+00  6.25000E-07  3.12500E-07
];

DETsurface_23_to_reg56_g0 = [
    1    1    1    1     1     1     1    1    1    1  6.68628E-01 0.00165 
];


DETsurface_23_to_reg56_g0E = [
 0.00000E+00  6.25000E-07  3.12500E-07
];

DETsurface_21_to_reg56_g0 = [
    1    1    1    1     1     1     1    1    1    1  6.69116E-01 0.00169 
];


DETsurface_21_to_reg56_g0E = [
 0.00000E+00  6.25000E-07  3.12500E-07
];

DETsurface_24_to_reg56_g1 = [
    1    1    1    1     1     1     1    1    1    1  2.28274E+00 0.00097 
];


DETsurface_24_to_reg56_g1E = [
 6.25000E-07  2.00000E+01  1.00000E+01
];

DETsurface_22_to_reg56_g1 = [
    1    1    1    1     1     1     1    1    1    1  2.28086E+00 0.00099 
];


DETsurface_22_to_reg56_g1E = [
 6.25000E-07  2.00000E+01  1.00000E+01
];

DETsurface_23_to_reg56_g1 = [
    1    1    1    1     1     1     1    1    1    1  2.28614E+00 0.00096 
];


DETsurface_23_to_reg56_g1E = [
 6.25000E-07  2.00000E+01  1.00000E+01
];

DETsurface_21_to_reg56_g1 = [
    1    1    1    1     1     1     1    1    1    1  2.28264E+00 0.00095 
];


DETsurface_21_to_reg56_g1E = [
 6.25000E-07  2.00000E+01  1.00000E+01
];

DETsurface_24_to_surf24_g0 = [
    1    1    1    1     1     1     1    1    1    1  0.00000E+00 0.00000 
];


DETsurface_24_to_surf24_g0E = [
 0.00000E+00  6.25000E-07  3.12500E-07
];

DETsurface_24_to_surf22_g0 = [
    1    1    1    1     1     1     1    1    1    1 -1.81143E-01 0.00246 
];


DETsurface_24_to_surf22_g0E = [
 0.00000E+00  6.25000E-07  3.12500E-07
];

DETsurface_24_to_surf23_g0 = [
    1    1    1    1     1     1     1    1    1    1  1.42648E-01 0.00293 
];


DETsurface_24_to_surf23_g0E = [
 0.00000E+00  6.25000E-07  3.12500E-07
];

DETsurface_24_to_surf21_g0 = [
    1    1    1    1     1     1     1    1    1    1  1.81464E-01 0.00246 
];


DETsurface_24_to_surf21_g0E = [
 0.00000E+00  6.25000E-07  3.12500E-07
];

DETsurface_22_to_surf24_g0 = [
    1    1    1    1     1     1     1    1    1    1 -1.80779E-01 0.00244 
];


DETsurface_22_to_surf24_g0E = [
 0.00000E+00  6.25000E-07  3.12500E-07
];

DETsurface_22_to_surf22_g0 = [
    1    1    1    1     1     1     1    1    1    1  0.00000E+00 0.00000 
];


DETsurface_22_to_surf22_g0E = [
 0.00000E+00  6.25000E-07  3.12500E-07
];

DETsurface_22_to_surf23_g0 = [
    1    1    1    1     1     1     1    1    1    1  1.81714E-01 0.00242 
];


DETsurface_22_to_surf23_g0E = [
 0.00000E+00  6.25000E-07  3.12500E-07
];

DETsurface_22_to_surf21_g0 = [
    1    1    1    1     1     1     1    1    1    1  1.42721E-01 0.00311 
];


DETsurface_22_to_surf21_g0E = [
 0.00000E+00  6.25000E-07  3.12500E-07
];

DETsurface_23_to_surf24_g0 = [
    1    1    1    1     1     1     1    1    1    1 -1.42879E-01 0.00294 
];


DETsurface_23_to_surf24_g0E = [
 0.00000E+00  6.25000E-07  3.12500E-07
];

DETsurface_23_to_surf22_g0 = [
    1    1    1    1     1     1     1    1    1    1 -1.81097E-01 0.00252 
];


DETsurface_23_to_surf22_g0E = [
 0.00000E+00  6.25000E-07  3.12500E-07
];

DETsurface_23_to_surf23_g0 = [
    1    1    1    1     1     1     1    1    1    1  0.00000E+00 0.00000 
];


DETsurface_23_to_surf23_g0E = [
 0.00000E+00  6.25000E-07  3.12500E-07
];

DETsurface_23_to_surf21_g0 = [
    1    1    1    1     1     1     1    1    1    1  1.81698E-01 0.00257 
];


DETsurface_23_to_surf21_g0E = [
 0.00000E+00  6.25000E-07  3.12500E-07
];

DETsurface_21_to_surf24_g0 = [
    1    1    1    1     1     1     1    1    1    1 -1.80787E-01 0.00252 
];


DETsurface_21_to_surf24_g0E = [
 0.00000E+00  6.25000E-07  3.12500E-07
];

DETsurface_21_to_surf22_g0 = [
    1    1    1    1     1     1     1    1    1    1 -1.42582E-01 0.00305 
];


DETsurface_21_to_surf22_g0E = [
 0.00000E+00  6.25000E-07  3.12500E-07
];

DETsurface_21_to_surf23_g0 = [
    1    1    1    1     1     1     1    1    1    1  1.81093E-01 0.00251 
];


DETsurface_21_to_surf23_g0E = [
 0.00000E+00  6.25000E-07  3.12500E-07
];

DETsurface_21_to_surf21_g0 = [
    1    1    1    1     1     1     1    1    1    1  0.00000E+00 0.00000 
];


DETsurface_21_to_surf21_g0E = [
 0.00000E+00  6.25000E-07  3.12500E-07
];

DETsurface_24_to_surf24_g1 = [
    1    1    1    1     1     1     1    1    1    1  0.00000E+00 0.00000 
];


DETsurface_24_to_surf24_g1E = [
 6.25000E-07  2.00000E+01  1.00000E+01
];

DETsurface_24_to_surf22_g1 = [
    1    1    1    1     1     1     1    1    1    1 -2.01194E+00 0.00111 
];


DETsurface_24_to_surf22_g1E = [
 6.25000E-07  2.00000E+01  1.00000E+01
];

DETsurface_24_to_surf23_g1 = [
    1    1    1    1     1     1     1    1    1    1  2.07118E+00 0.00142 
];


DETsurface_24_to_surf23_g1E = [
 6.25000E-07  2.00000E+01  1.00000E+01
];

