
DETtotal_rate_reg55_g0 = [
    1    1    1    1     1     1     1    1    1    1  1.42049E+00 0.00089 
];


DETtotal_rate_reg55_g0E = [
 0.00000E+00  6.25000E-07  3.12500E-07
];

DETj_in_reg55_g0 = [
    1    1    1    1     1     1     1    1    1    1  2.93416E+00 0.00106 
];


DETj_in_reg55_g0E = [
 0.00000E+00  6.25000E-07  3.12500E-07
];

DETj_out_reg55_g0 = [
    1    1    1    1     1     1     1    1    1    1 -6.85783E-01 0.00139 
];


DETj_out_reg55_g0E = [
 0.00000E+00  6.25000E-07  3.12500E-07
];

DETall_to_reg55_g0 = [
    1    1    1    1     1     1     1    1    1    1  1.17786E+00 0.00087 
];


DETall_to_reg55_g0E = [
 0.00000E+00  6.25000E-07  3.12500E-07
];

DETreg55_to_reg56_g0 = [
    1    1    1    1     1     1     1    1    1    1  2.44550E-01 0.00210 
];


DETreg55_to_reg56_g0E = [
 0.00000E+00  6.25000E-07  3.12500E-07
];

DETreg55_to_surface24_g0 = [
    1    1    1    1     1     1     1    1    1    1 -1.10397E-01 0.00307 
];


DETreg55_to_surface24_g0E = [
 0.00000E+00  6.25000E-07  3.12500E-07
];

DETreg55_to_surface22_g0 = [
    1    1    1    1     1     1     1    1    1    1 -1.10518E-01 0.00323 
];


DETreg55_to_surface22_g0E = [
 0.00000E+00  6.25000E-07  3.12500E-07
];

DETreg55_to_surface23_g0 = [
    1    1    1    1     1     1     1    1    1    1  1.10215E-01 0.00318 
];


DETreg55_to_surface23_g0E = [
 0.00000E+00  6.25000E-07  3.12500E-07
];

DETreg55_to_surface21_g0 = [
    1    1    1    1     1     1     1    1    1    1  1.10103E-01 0.00315 
];


DETreg55_to_surface21_g0E = [
 0.00000E+00  6.25000E-07  3.12500E-07
];

DETtotal_rate_reg55_g1 = [
    1    1    1    1     1     1     1    1    1    1  7.53247E+00 0.00087 
];


DETtotal_rate_reg55_g1E = [
 6.25000E-07  2.00000E+01  1.00000E+01
];

DETj_in_reg55_g1 = [
    1    1    1    1     1     1     1    1    1    1  2.00429E+01 0.00088 
];


DETj_in_reg55_g1E = [
 6.25000E-07  2.00000E+01  1.00000E+01
];

DETj_out_reg55_g1 = [
    1    1    1    1     1     1     1    1    1    1 -6.38079E+00 0.00083 
];


DETj_out_reg55_g1E = [
 6.25000E-07  2.00000E+01  1.00000E+01
];

DETall_to_reg55_g1 = [
    1    1    1    1     1     1     1    1    1    1  5.86378E+00 0.00088 
];


DETall_to_reg55_g1E = [
 6.25000E-07  2.00000E+01  1.00000E+01
];

DETreg55_to_reg56_g1 = [
    1    1    1    1     1     1     1    1    1    1  1.01900E+00 0.00117 
];


DETreg55_to_reg56_g1E = [
 6.25000E-07  2.00000E+01  1.00000E+01
];

DETreg55_to_surface24_g1 = [
    1    1    1    1     1     1     1    1    1    1 -1.34284E+00 0.00120 
];


DETreg55_to_surface24_g1E = [
 6.25000E-07  2.00000E+01  1.00000E+01
];

DETreg55_to_surface22_g1 = [
    1    1    1    1     1     1     1    1    1    1 -1.34020E+00 0.00117 
];


DETreg55_to_surface22_g1E = [
 6.25000E-07  2.00000E+01  1.00000E+01
];

DETreg55_to_surface23_g1 = [
    1    1    1    1     1     1     1    1    1    1  1.33977E+00 0.00117 
];


DETreg55_to_surface23_g1E = [
 6.25000E-07  2.00000E+01  1.00000E+01
];

DETreg55_to_surface21_g1 = [
    1    1    1    1     1     1     1    1    1    1  1.33897E+00 0.00113 
];


DETreg55_to_surface21_g1E = [
 6.25000E-07  2.00000E+01  1.00000E+01
];
