
DETtotal_rate_reg88_g0 = [
    1    1    1    1     1     1     1    1    1    1  1.14843E+00 0.00091 
];


DETtotal_rate_reg88_g0E = [
 0.00000E+00  6.25000E-07  3.12500E-07
];

DETj_in_reg88_g0 = [
    1    1    1    1     1     1     1    1    1    1  2.22152E+00 0.00108 
];


DETj_in_reg88_g0E = [
 0.00000E+00  6.25000E-07  3.12500E-07
];

DETj_out_reg88_g0 = [
    1    1    1    1     1     1     1    1    1    1 -4.91234E-01 0.00166 
];


DETj_out_reg88_g0E = [
 0.00000E+00  6.25000E-07  3.12500E-07
];

DETall_to_reg88_g0 = [
    1    1    1    1     1     1     1    1    1    1  9.56269E-01 0.00094 
];


DETall_to_reg88_g0E = [
 0.00000E+00  6.25000E-07  3.12500E-07
];

DETreg88_to_reg89_g0 = [
    1    1    1    1     1     1     1    1    1    1  1.70725E-01 0.00247 
];


DETreg88_to_reg89_g0E = [
 0.00000E+00  6.25000E-07  3.12500E-07
];

DETreg88_to_surface90_g0 = [
    1    1    1    1     1     1     1    1    1    1 -7.98453E-02 0.00387 
];


DETreg88_to_surface90_g0E = [
 0.00000E+00  6.25000E-07  3.12500E-07
];

DETreg88_to_surface88_g0 = [
    1    1    1    1     1     1     1    1    1    1 -8.05242E-02 0.00394 
];


DETreg88_to_surface88_g0E = [
 0.00000E+00  6.25000E-07  3.12500E-07
];

DETreg88_to_surface89_g0 = [
    1    1    1    1     1     1     1    1    1    1  8.00588E-02 0.00371 
];


DETreg88_to_surface89_g0E = [
 0.00000E+00  6.25000E-07  3.12500E-07
];

DETreg88_to_surface87_g0 = [
    1    1    1    1     1     1     1    1    1    1  8.00807E-02 0.00370 
];


DETreg88_to_surface87_g0E = [
 0.00000E+00  6.25000E-07  3.12500E-07
];

DETtotal_rate_reg88_g1 = [
    1    1    1    1     1     1     1    1    1    1  7.46188E+00 0.00079 
];


DETtotal_rate_reg88_g1E = [
 6.25000E-07  2.00000E+01  1.00000E+01
];

DETj_in_reg88_g1 = [
    1    1    1    1     1     1     1    1    1    1  1.98217E+01 0.00082 
];


DETj_in_reg88_g1E = [
 6.25000E-07  2.00000E+01  1.00000E+01
];

DETj_out_reg88_g1 = [
    1    1    1    1     1     1     1    1    1    1 -6.29736E+00 0.00076 
];


DETj_out_reg88_g1E = [
 6.25000E-07  2.00000E+01  1.00000E+01
];

DETall_to_reg88_g1 = [
    1    1    1    1     1     1     1    1    1    1  5.81326E+00 0.00080 
];


DETall_to_reg88_g1E = [
 6.25000E-07  2.00000E+01  1.00000E+01
];

DETreg88_to_reg89_g1 = [
    1    1    1    1     1     1     1    1    1    1  9.98795E-01 0.00111 
];


DETreg88_to_reg89_g1E = [
 6.25000E-07  2.00000E+01  1.00000E+01
];

DETreg88_to_surface90_g1 = [
    1    1    1    1     1     1     1    1    1    1 -1.32255E+00 0.00112 
];


DETreg88_to_surface90_g1E = [
 6.25000E-07  2.00000E+01  1.00000E+01
];

DETreg88_to_surface88_g1 = [
    1    1    1    1     1     1     1    1    1    1 -1.32509E+00 0.00109 
];


DETreg88_to_surface88_g1E = [
 6.25000E-07  2.00000E+01  1.00000E+01
];

DETreg88_to_surface89_g1 = [
    1    1    1    1     1     1     1    1    1    1  1.32535E+00 0.00111 
];


DETreg88_to_surface89_g1E = [
 6.25000E-07  2.00000E+01  1.00000E+01
];

DETreg88_to_surface87_g1 = [
    1    1    1    1     1     1     1    1    1    1  1.32556E+00 0.00111 
];


DETreg88_to_surface87_g1E = [
 6.25000E-07  2.00000E+01  1.00000E+01
];
