
DETreg89_reg89_g0_to_g0 = [
    1    1    1    1     1     1     1    1    1    1  1.38551E+00 0.00171 
];


DETreg89_reg89_g0_to_g0E = [
 0.00000E+00  6.25000E-07  3.12500E-07
];

DETreg89_reg89_g0_to_g1 = [
    1    1    1    1     1     1     1    1    1    1  1.70265E-03 0.02356 
];


DETreg89_reg89_g0_to_g1E = [
 6.25000E-07  2.00000E+01  1.00000E+01
];

DETreg89_reg89_g1_to_g0 = [
    1    1    1    1     1     1     1    1    1    1  1.53136E-01 0.00231 
];


DETreg89_reg89_g1_to_g0E = [
 0.00000E+00  6.25000E-07  3.12500E-07
];

DETreg89_reg89_g1_to_g1 = [
    1    1    1    1     1     1     1    1    1    1  2.79752E+00 0.00087 
];


DETreg89_reg89_g1_to_g1E = [
 6.25000E-07  2.00000E+01  1.00000E+01
];

DETtotal_rate_reg89_g0 = [
    1    1    1    1     1     1     1    1    1    1  3.67000E+00 0.00139 
];


DETtotal_rate_reg89_g0E = [
 0.00000E+00  6.25000E-07  3.12500E-07
];

DETtotal_rate_reg89_g1 = [
    1    1    1    1     1     1     1    1    1    1  1.27906E+01 0.00068 
];


DETtotal_rate_reg89_g1E = [
 6.25000E-07  2.00000E+01  1.00000E+01
];

DETreg89_reg88_g0_to_g0 = [
    1    1    1    1     1     1     1    1    1    1  3.44048E-01 0.00156 
];


DETreg89_reg88_g0_to_g0E = [
 0.00000E+00  6.25000E-07  3.12500E-07
];

DETreg89_reg88_g0_to_g1 = [
    1    1    1    1     1     1     1    1    1    1  4.38661E-04 0.04897 
];


DETreg89_reg88_g0_to_g1E = [
 6.25000E-07  2.00000E+01  1.00000E+01
];

DETreg89_reg88_g1_to_g0 = [
    1    1    1    1     1     1     1    1    1    1  4.11947E-02 0.00478 
];


DETreg89_reg88_g1_to_g0E = [
 0.00000E+00  6.25000E-07  3.12500E-07
];

DETreg89_reg88_g1_to_g1 = [
    1    1    1    1     1     1     1    1    1    1  1.01613E+00 0.00115 
];


DETreg89_reg88_g1_to_g1E = [
 6.25000E-07  2.00000E+01  1.00000E+01
];

DETreg89_surface90_g0_to_g0 = [
    1    1    1    1     1     1     1    1    1    1 -4.80072E-01 0.00194 
];


DETreg89_surface90_g0_to_g0E = [
 0.00000E+00  6.25000E-07  3.12500E-07
];

DETreg89_surface88_g0_to_g0 = [
    1    1    1    1     1     1     1    1    1    1 -4.78635E-01 0.00204 
];


DETreg89_surface88_g0_to_g0E = [
 0.00000E+00  6.25000E-07  3.12500E-07
];

DETreg89_surface89_g0_to_g0 = [
    1    1    1    1     1     1     1    1    1    1  4.79539E-01 0.00203 
];


DETreg89_surface89_g0_to_g0E = [
 0.00000E+00  6.25000E-07  3.12500E-07
];

DETreg89_surface87_g0_to_g0 = [
    1    1    1    1     1     1     1    1    1    1  4.79626E-01 0.00200 
];


DETreg89_surface87_g0_to_g0E = [
 0.00000E+00  6.25000E-07  3.12500E-07
];

DETreg89_surface90_g0_to_g1 = [
    1    1    1    1     1     1     1    1    1    1 -9.41382E-04 0.03316 
];


DETreg89_surface90_g0_to_g1E = [
 6.25000E-07  2.00000E+01  1.00000E+01
];

DETreg89_surface88_g0_to_g1 = [
    1    1    1    1     1     1     1    1    1    1 -9.82661E-04 0.03224 
];


DETreg89_surface88_g0_to_g1E = [
 6.25000E-07  2.00000E+01  1.00000E+01
];

DETreg89_surface89_g0_to_g1 = [
    1    1    1    1     1     1     1    1    1    1  9.05765E-04 0.03250 
];


DETreg89_surface89_g0_to_g1E = [
 6.25000E-07  2.00000E+01  1.00000E+01
];

DETreg89_surface87_g0_to_g1 = [
    1    1    1    1     1     1     1    1    1    1  9.11824E-04 0.03234 
];


DETreg89_surface87_g0_to_g1E = [
 6.25000E-07  2.00000E+01  1.00000E+01
];

DETreg89_surface90_g1_to_g0 = [
    1    1    1    1     1     1     1    1    1    1 -7.33709E-02 0.00346 
];


DETreg89_surface90_g1_to_g0E = [
 0.00000E+00  6.25000E-07  3.12500E-07
];

DETreg89_surface88_g1_to_g0 = [
    1    1    1    1     1     1     1    1    1    1 -7.32660E-02 0.00349 
];


DETreg89_surface88_g1_to_g0E = [
 0.00000E+00  6.25000E-07  3.12500E-07
];

DETreg89_surface89_g1_to_g0 = [
    1    1    1    1     1     1     1    1    1    1  7.37661E-02 0.00346 
];


DETreg89_surface89_g1_to_g0E = [
 0.00000E+00  6.25000E-07  3.12500E-07
];

DETreg89_surface87_g1_to_g0 = [
    1    1    1    1     1     1     1    1    1    1  7.33792E-02 0.00358 
];


DETreg89_surface87_g1_to_g0E = [
 0.00000E+00  6.25000E-07  3.12500E-07
];

DETreg89_surface90_g1_to_g1 = [
    1    1    1    1     1     1     1    1    1    1 -2.12100E+00 0.00092 
];


DETreg89_surface90_g1_to_g1E = [
 6.25000E-07  2.00000E+01  1.00000E+01
];

DETreg89_surface88_g1_to_g1 = [
    1    1    1    1     1     1     1    1    1    1 -2.12345E+00 0.00092 
];


DETreg89_surface88_g1_to_g1E = [
 6.25000E-07  2.00000E+01  1.00000E+01
];

DETreg89_surface89_g1_to_g1 = [
    1    1    1    1     1     1     1    1    1    1  2.12112E+00 0.00095 
];


DETreg89_surface89_g1_to_g1E = [
 6.25000E-07  2.00000E+01  1.00000E+01
];

DETreg89_surface87_g1_to_g1 = [
    1    1    1    1     1     1     1    1    1    1  2.12000E+00 0.00094 
];


DETreg89_surface87_g1_to_g1E = [
 6.25000E-07  2.00000E+01  1.00000E+01
];
