
DETsurface_90_jin_g0 = [
    1    1    1    1     1     1     1    1    1    1  1.01032E+00 0.00147 
];


DETsurface_90_jin_g0E = [
 0.00000E+00  6.25000E-07  3.12500E-07
];

DETsurface_88_jin_g0 = [
    1    1    1    1     1     1     1    1    1    1  1.00820E+00 0.00147 
];


DETsurface_88_jin_g0E = [
 0.00000E+00  6.25000E-07  3.12500E-07
];

DETsurface_89_jin_g0 = [
    1    1    1    1     1     1     1    1    1    1 -1.01002E+00 0.00150 
];


DETsurface_89_jin_g0E = [
 0.00000E+00  6.25000E-07  3.12500E-07
];

DETsurface_87_jin_g0 = [
    1    1    1    1     1     1     1    1    1    1 -1.00944E+00 0.00156 
];


DETsurface_87_jin_g0E = [
 0.00000E+00  6.25000E-07  3.12500E-07
];

DETsurface_90_jin_g1 = [
    1    1    1    1     1     1     1    1    1    1  9.49760E+00 0.00087 
];


DETsurface_90_jin_g1E = [
 6.25000E-07  2.00000E+01  1.00000E+01
];

DETsurface_88_jin_g1 = [
    1    1    1    1     1     1     1    1    1    1  9.50171E+00 0.00088 
];


DETsurface_88_jin_g1E = [
 6.25000E-07  2.00000E+01  1.00000E+01
];

DETsurface_89_jin_g1 = [
    1    1    1    1     1     1     1    1    1    1 -9.49753E+00 0.00088 
];


DETsurface_89_jin_g1E = [
 6.25000E-07  2.00000E+01  1.00000E+01
];

DETsurface_87_jin_g1 = [
    1    1    1    1     1     1     1    1    1    1 -9.50034E+00 0.00088 
];


DETsurface_87_jin_g1E = [
 6.25000E-07  2.00000E+01  1.00000E+01
];

DETsurface_90_to_reg88_g0 = [
    1    1    1    1     1     1     1    1    1    1  1.43367E-01 0.00253 
];


DETsurface_90_to_reg88_g0E = [
 0.00000E+00  6.25000E-07  3.12500E-07
];

DETsurface_88_to_reg88_g0 = [
    1    1    1    1     1     1     1    1    1    1  1.42375E-01 0.00264 
];


DETsurface_88_to_reg88_g0E = [
 0.00000E+00  6.25000E-07  3.12500E-07
];

DETsurface_89_to_reg88_g0 = [
    1    1    1    1     1     1     1    1    1    1  1.43479E-01 0.00257 
];


DETsurface_89_to_reg88_g0E = [
 0.00000E+00  6.25000E-07  3.12500E-07
];

DETsurface_87_to_reg88_g0 = [
    1    1    1    1     1     1     1    1    1    1  1.42781E-01 0.00279 
];


DETsurface_87_to_reg88_g0E = [
 0.00000E+00  6.25000E-07  3.12500E-07
];

DETsurface_90_to_reg88_g1 = [
    1    1    1    1     1     1     1    1    1    1  1.19815E+00 0.00119 
];


DETsurface_90_to_reg88_g1E = [
 6.25000E-07  2.00000E+01  1.00000E+01
];

DETsurface_88_to_reg88_g1 = [
    1    1    1    1     1     1     1    1    1    1  1.19906E+00 0.00120 
];


DETsurface_88_to_reg88_g1E = [
 6.25000E-07  2.00000E+01  1.00000E+01
];

DETsurface_89_to_reg88_g1 = [
    1    1    1    1     1     1     1    1    1    1  1.19966E+00 0.00124 
];


DETsurface_89_to_reg88_g1E = [
 6.25000E-07  2.00000E+01  1.00000E+01
];

DETsurface_87_to_reg88_g1 = [
    1    1    1    1     1     1     1    1    1    1  1.20145E+00 0.00119 
];


DETsurface_87_to_reg88_g1E = [
 6.25000E-07  2.00000E+01  1.00000E+01
];

DETsurface_90_to_reg89_g0 = [
    1    1    1    1     1     1     1    1    1    1  4.90610E-01 0.00189 
];


DETsurface_90_to_reg89_g0E = [
 0.00000E+00  6.25000E-07  3.12500E-07
];

DETsurface_88_to_reg89_g0 = [
    1    1    1    1     1     1     1    1    1    1  4.90094E-01 0.00192 
];


DETsurface_88_to_reg89_g0E = [
 0.00000E+00  6.25000E-07  3.12500E-07
];

DETsurface_89_to_reg89_g0 = [
    1    1    1    1     1     1     1    1    1    1  4.89450E-01 0.00197 
];


DETsurface_89_to_reg89_g0E = [
 0.00000E+00  6.25000E-07  3.12500E-07
];

DETsurface_87_to_reg89_g0 = [
    1    1    1    1     1     1     1    1    1    1  4.90677E-01 0.00200 
];


DETsurface_87_to_reg89_g0E = [
 0.00000E+00  6.25000E-07  3.12500E-07
];

DETsurface_90_to_reg89_g1 = [
    1    1    1    1     1     1     1    1    1    1  2.24829E+00 0.00087 
];


DETsurface_90_to_reg89_g1E = [
 6.25000E-07  2.00000E+01  1.00000E+01
];

DETsurface_88_to_reg89_g1 = [
    1    1    1    1     1     1     1    1    1    1  2.24959E+00 0.00091 
];


DETsurface_88_to_reg89_g1E = [
 6.25000E-07  2.00000E+01  1.00000E+01
];

DETsurface_89_to_reg89_g1 = [
    1    1    1    1     1     1     1    1    1    1  2.24710E+00 0.00093 
];


DETsurface_89_to_reg89_g1E = [
 6.25000E-07  2.00000E+01  1.00000E+01
];

DETsurface_87_to_reg89_g1 = [
    1    1    1    1     1     1     1    1    1    1  2.24841E+00 0.00088 
];


DETsurface_87_to_reg89_g1E = [
 6.25000E-07  2.00000E+01  1.00000E+01
];

DETsurface_90_to_surf90_g0 = [
    1    1    1    1     1     1     1    1    1    1  0.00000E+00 0.00000 
];


DETsurface_90_to_surf90_g0E = [
 0.00000E+00  6.25000E-07  3.12500E-07
];

DETsurface_90_to_surf88_g0 = [
    1    1    1    1     1     1     1    1    1    1 -1.36115E-01 0.00289 
];


DETsurface_90_to_surf88_g0E = [
 0.00000E+00  6.25000E-07  3.12500E-07
];

DETsurface_90_to_surf89_g0 = [
    1    1    1    1     1     1     1    1    1    1  1.03999E-01 0.00354 
];


DETsurface_90_to_surf89_g0E = [
 0.00000E+00  6.25000E-07  3.12500E-07
];

DETsurface_90_to_surf87_g0 = [
    1    1    1    1     1     1     1    1    1    1  1.36227E-01 0.00296 
];


DETsurface_90_to_surf87_g0E = [
 0.00000E+00  6.25000E-07  3.12500E-07
];

DETsurface_88_to_surf90_g0 = [
    1    1    1    1     1     1     1    1    1    1 -1.36015E-01 0.00285 
];


DETsurface_88_to_surf90_g0E = [
 0.00000E+00  6.25000E-07  3.12500E-07
];

DETsurface_88_to_surf88_g0 = [
    1    1    1    1     1     1     1    1    1    1  0.00000E+00 0.00000 
];


DETsurface_88_to_surf88_g0E = [
 0.00000E+00  6.25000E-07  3.12500E-07
];

DETsurface_88_to_surf89_g0 = [
    1    1    1    1     1     1     1    1    1    1  1.36006E-01 0.00295 
];


DETsurface_88_to_surf89_g0E = [
 0.00000E+00  6.25000E-07  3.12500E-07
];

DETsurface_88_to_surf87_g0 = [
    1    1    1    1     1     1     1    1    1    1  1.03707E-01 0.00351 
];


DETsurface_88_to_surf87_g0E = [
 0.00000E+00  6.25000E-07  3.12500E-07
];

DETsurface_89_to_surf90_g0 = [
    1    1    1    1     1     1     1    1    1    1 -1.04015E-01 0.00338 
];


DETsurface_89_to_surf90_g0E = [
 0.00000E+00  6.25000E-07  3.12500E-07
];

DETsurface_89_to_surf88_g0 = [
    1    1    1    1     1     1     1    1    1    1 -1.36727E-01 0.00294 
];


DETsurface_89_to_surf88_g0E = [
 0.00000E+00  6.25000E-07  3.12500E-07
];

DETsurface_89_to_surf89_g0 = [
    1    1    1    1     1     1     1    1    1    1  0.00000E+00 0.00000 
];


DETsurface_89_to_surf89_g0E = [
 0.00000E+00  6.25000E-07  3.12500E-07
];

DETsurface_89_to_surf87_g0 = [
    1    1    1    1     1     1     1    1    1    1  1.36349E-01 0.00285 
];


DETsurface_89_to_surf87_g0E = [
 0.00000E+00  6.25000E-07  3.12500E-07
];

DETsurface_87_to_surf90_g0 = [
    1    1    1    1     1     1     1    1    1    1 -1.36121E-01 0.00295 
];


DETsurface_87_to_surf90_g0E = [
 0.00000E+00  6.25000E-07  3.12500E-07
];

DETsurface_87_to_surf88_g0 = [
    1    1    1    1     1     1     1    1    1    1 -1.03527E-01 0.00355 
];


DETsurface_87_to_surf88_g0E = [
 0.00000E+00  6.25000E-07  3.12500E-07
];

DETsurface_87_to_surf89_g0 = [
    1    1    1    1     1     1     1    1    1    1  1.36340E-01 0.00282 
];


DETsurface_87_to_surf89_g0E = [
 0.00000E+00  6.25000E-07  3.12500E-07
];

DETsurface_87_to_surf87_g0 = [
    1    1    1    1     1     1     1    1    1    1  0.00000E+00 0.00000 
];


DETsurface_87_to_surf87_g0E = [
 0.00000E+00  6.25000E-07  3.12500E-07
];

DETsurface_90_to_surf90_g1 = [
    1    1    1    1     1     1     1    1    1    1  0.00000E+00 0.00000 
];


DETsurface_90_to_surf90_g1E = [
 6.25000E-07  2.00000E+01  1.00000E+01
];

DETsurface_90_to_surf88_g1 = [
    1    1    1    1     1     1     1    1    1    1 -1.99757E+00 0.00116 
];


DETsurface_90_to_surf88_g1E = [
 6.25000E-07  2.00000E+01  1.00000E+01
];

DETsurface_90_to_surf89_g1 = [
    1    1    1    1     1     1     1    1    1    1  2.05697E+00 0.00134 
];


DETsurface_90_to_surf89_g1E = [
 6.25000E-07  2.00000E+01  1.00000E+01
];

