
DETreg50_reg50_g0_to_g0 = [
    1    1    1    1     1     1     1    1    1    1  2.30835E+00 0.00140 
];


DETreg50_reg50_g0_to_g0E = [
 0.00000E+00  6.25000E-07  3.12500E-07
];

DETreg50_reg50_g0_to_g1 = [
    1    1    1    1     1     1     1    1    1    1  1.85269E-03 0.02224 
];


DETreg50_reg50_g0_to_g1E = [
 6.25000E-07  2.00000E+01  1.00000E+01
];

DETreg50_reg50_g1_to_g0 = [
    1    1    1    1     1     1     1    1    1    1  1.69419E-01 0.00223 
];


DETreg50_reg50_g1_to_g0E = [
 0.00000E+00  6.25000E-07  3.12500E-07
];

DETreg50_reg50_g1_to_g1 = [
    1    1    1    1     1     1     1    1    1    1  2.86976E+00 0.00093 
];


DETreg50_reg50_g1_to_g1E = [
 6.25000E-07  2.00000E+01  1.00000E+01
];

DETtotal_rate_reg50_g0 = [
    1    1    1    1     1     1     1    1    1    1  5.95765E+00 0.00113 
];


DETtotal_rate_reg50_g0E = [
 0.00000E+00  6.25000E-07  3.12500E-07
];

DETtotal_rate_reg50_g1 = [
    1    1    1    1     1     1     1    1    1    1  1.31132E+01 0.00077 
];


DETtotal_rate_reg50_g1E = [
 6.25000E-07  2.00000E+01  1.00000E+01
];

DETreg50_reg49_g0_to_g0 = [
    1    1    1    1     1     1     1    1    1    1  4.90911E-01 0.00139 
];


DETreg50_reg49_g0_to_g0E = [
 0.00000E+00  6.25000E-07  3.12500E-07
];

DETreg50_reg49_g0_to_g1 = [
    1    1    1    1     1     1     1    1    1    1  4.82599E-04 0.04594 
];


DETreg50_reg49_g0_to_g1E = [
 6.25000E-07  2.00000E+01  1.00000E+01
];

DETreg50_reg49_g1_to_g0 = [
    1    1    1    1     1     1     1    1    1    1  4.21960E-02 0.00501 
];


DETreg50_reg49_g1_to_g0E = [
 0.00000E+00  6.25000E-07  3.12500E-07
];

DETreg50_reg49_g1_to_g1 = [
    1    1    1    1     1     1     1    1    1    1  1.02837E+00 0.00120 
];


DETreg50_reg49_g1_to_g1E = [
 6.25000E-07  2.00000E+01  1.00000E+01
];

DETreg50_surface12_g0_to_g0 = [
    1    1    1    1     1     1     1    1    1    1 -7.81278E-01 0.00165 
];


DETreg50_surface12_g0_to_g0E = [
 0.00000E+00  6.25000E-07  3.12500E-07
];

DETreg50_surface10_g0_to_g0 = [
    1    1    1    1     1     1     1    1    1    1 -7.80589E-01 0.00154 
];


DETreg50_surface10_g0_to_g0E = [
 0.00000E+00  6.25000E-07  3.12500E-07
];

DETreg50_surface11_g0_to_g0 = [
    1    1    1    1     1     1     1    1    1    1  7.81621E-01 0.00153 
];


DETreg50_surface11_g0_to_g0E = [
 0.00000E+00  6.25000E-07  3.12500E-07
];

DETreg50_surface9_g0_to_g0 = [
    1    1    1    1     1     1     1    1    1    1  7.80122E-01 0.00156 
];


DETreg50_surface9_g0_to_g0E = [
 0.00000E+00  6.25000E-07  3.12500E-07
];

DETreg50_surface12_g0_to_g1 = [
    1    1    1    1     1     1     1    1    1    1 -1.08299E-03 0.03035 
];


DETreg50_surface12_g0_to_g1E = [
 6.25000E-07  2.00000E+01  1.00000E+01
];

DETreg50_surface10_g0_to_g1 = [
    1    1    1    1     1     1     1    1    1    1 -1.11047E-03 0.03035 
];


DETreg50_surface10_g0_to_g1E = [
 6.25000E-07  2.00000E+01  1.00000E+01
];

DETreg50_surface11_g0_to_g1 = [
    1    1    1    1     1     1     1    1    1    1  1.07617E-03 0.03025 
];


DETreg50_surface11_g0_to_g1E = [
 6.25000E-07  2.00000E+01  1.00000E+01
];

DETreg50_surface9_g0_to_g1 = [
    1    1    1    1     1     1     1    1    1    1  1.04870E-03 0.03103 
];


DETreg50_surface9_g0_to_g1E = [
 6.25000E-07  2.00000E+01  1.00000E+01
];

DETreg50_surface12_g1_to_g0 = [
    1    1    1    1     1     1     1    1    1    1 -8.14800E-02 0.00337 
];


DETreg50_surface12_g1_to_g0E = [
 0.00000E+00  6.25000E-07  3.12500E-07
];

DETreg50_surface10_g1_to_g0 = [
    1    1    1    1     1     1     1    1    1    1 -8.15425E-02 0.00331 
];


DETreg50_surface10_g1_to_g0E = [
 0.00000E+00  6.25000E-07  3.12500E-07
];

DETreg50_surface11_g1_to_g0 = [
    1    1    1    1     1     1     1    1    1    1  8.13597E-02 0.00323 
];


DETreg50_surface11_g1_to_g0E = [
 0.00000E+00  6.25000E-07  3.12500E-07
];

DETreg50_surface9_g1_to_g0 = [
    1    1    1    1     1     1     1    1    1    1  8.13291E-02 0.00334 
];


DETreg50_surface9_g1_to_g0E = [
 0.00000E+00  6.25000E-07  3.12500E-07
];

DETreg50_surface12_g1_to_g1 = [
    1    1    1    1     1     1     1    1    1    1 -2.16726E+00 0.00097 
];


DETreg50_surface12_g1_to_g1E = [
 6.25000E-07  2.00000E+01  1.00000E+01
];

DETreg50_surface10_g1_to_g1 = [
    1    1    1    1     1     1     1    1    1    1 -2.16696E+00 0.00098 
];


DETreg50_surface10_g1_to_g1E = [
 6.25000E-07  2.00000E+01  1.00000E+01
];

DETreg50_surface11_g1_to_g1 = [
    1    1    1    1     1     1     1    1    1    1  2.16945E+00 0.00098 
];


DETreg50_surface11_g1_to_g1E = [
 6.25000E-07  2.00000E+01  1.00000E+01
];

DETreg50_surface9_g1_to_g1 = [
    1    1    1    1     1     1     1    1    1    1  2.17070E+00 0.00099 
];


DETreg50_surface9_g1_to_g1E = [
 6.25000E-07  2.00000E+01  1.00000E+01
];
