
DETtotal_rate_reg49_g0 = [
    1    1    1    1     1     1     1    1    1    1  1.61355E+00 0.00082 
];


DETtotal_rate_reg49_g0E = [
 0.00000E+00  6.25000E-07  3.12500E-07
];

DETj_in_reg49_g0 = [
    1    1    1    1     1     1     1    1    1    1  3.45342E+00 0.00098 
];


DETj_in_reg49_g0E = [
 0.00000E+00  6.25000E-07  3.12500E-07
];

DETj_out_reg49_g0 = [
    1    1    1    1     1     1     1    1    1    1 -8.30367E-01 0.00128 
];


DETj_out_reg49_g0E = [
 0.00000E+00  6.25000E-07  3.12500E-07
];

DETall_to_reg49_g0 = [
    1    1    1    1     1     1     1    1    1    1  1.33435E+00 0.00082 
];


DETall_to_reg49_g0E = [
 0.00000E+00  6.25000E-07  3.12500E-07
];

DETreg49_to_reg50_g0 = [
    1    1    1    1     1     1     1    1    1    1  2.98610E-01 0.00187 
];


DETreg49_to_reg50_g0E = [
 0.00000E+00  6.25000E-07  3.12500E-07
];

DETreg49_to_surface12_g0 = [
    1    1    1    1     1     1     1    1    1    1 -1.32612E-01 0.00304 
];


DETreg49_to_surface12_g0E = [
 0.00000E+00  6.25000E-07  3.12500E-07
];

DETreg49_to_surface10_g0 = [
    1    1    1    1     1     1     1    1    1    1 -1.32999E-01 0.00290 
];


DETreg49_to_surface10_g0E = [
 0.00000E+00  6.25000E-07  3.12500E-07
];

DETreg49_to_surface11_g0 = [
    1    1    1    1     1     1     1    1    1    1  1.32668E-01 0.00284 
];


DETreg49_to_surface11_g0E = [
 0.00000E+00  6.25000E-07  3.12500E-07
];

DETreg49_to_surface9_g0 = [
    1    1    1    1     1     1     1    1    1    1  1.33478E-01 0.00285 
];


DETreg49_to_surface9_g0E = [
 0.00000E+00  6.25000E-07  3.12500E-07
];

DETtotal_rate_reg49_g1 = [
    1    1    1    1     1     1     1    1    1    1  7.54545E+00 0.00083 
];


DETtotal_rate_reg49_g1E = [
 6.25000E-07  2.00000E+01  1.00000E+01
];

DETj_in_reg49_g1 = [
    1    1    1    1     1     1     1    1    1    1  2.01237E+01 0.00084 
];


DETj_in_reg49_g1E = [
 6.25000E-07  2.00000E+01  1.00000E+01
];

DETj_out_reg49_g1 = [
    1    1    1    1     1     1     1    1    1    1 -6.40749E+00 0.00080 
];


DETj_out_reg49_g1E = [
 6.25000E-07  2.00000E+01  1.00000E+01
];

DETall_to_reg49_g1 = [
    1    1    1    1     1     1     1    1    1    1  5.87367E+00 0.00084 
];


DETall_to_reg49_g1E = [
 6.25000E-07  2.00000E+01  1.00000E+01
];

DETreg49_to_reg50_g1 = [
    1    1    1    1     1     1     1    1    1    1  1.02676E+00 0.00114 
];


DETreg49_to_reg50_g1E = [
 6.25000E-07  2.00000E+01  1.00000E+01
];

DETreg49_to_surface12_g1 = [
    1    1    1    1     1     1     1    1    1    1 -1.34508E+00 0.00115 
];


DETreg49_to_surface12_g1E = [
 6.25000E-07  2.00000E+01  1.00000E+01
];

DETreg49_to_surface10_g1 = [
    1    1    1    1     1     1     1    1    1    1 -1.34579E+00 0.00113 
];


DETreg49_to_surface10_g1E = [
 6.25000E-07  2.00000E+01  1.00000E+01
];

DETreg49_to_surface11_g1 = [
    1    1    1    1     1     1     1    1    1    1  1.34505E+00 0.00107 
];


DETreg49_to_surface11_g1E = [
 6.25000E-07  2.00000E+01  1.00000E+01
];

DETreg49_to_surface9_g1 = [
    1    1    1    1     1     1     1    1    1    1  1.34480E+00 0.00116 
];


DETreg49_to_surface9_g1E = [
 6.25000E-07  2.00000E+01  1.00000E+01
];
