
DETsurface_12_jin_g0 = [
    1    1    1    1     1     1     1    1    1    1  1.59255E+00 0.00128 
];


DETsurface_12_jin_g0E = [
 0.00000E+00  6.25000E-07  3.12500E-07
];

DETsurface_10_jin_g0 = [
    1    1    1    1     1     1     1    1    1    1  1.59268E+00 0.00124 
];


DETsurface_10_jin_g0E = [
 0.00000E+00  6.25000E-07  3.12500E-07
];

DETsurface_11_jin_g0 = [
    1    1    1    1     1     1     1    1    1    1 -1.59347E+00 0.00119 
];


DETsurface_11_jin_g0E = [
 0.00000E+00  6.25000E-07  3.12500E-07
];

DETsurface_9_jin_g0 = [
    1    1    1    1     1     1     1    1    1    1 -1.59266E+00 0.00123 
];


DETsurface_9_jin_g0E = [
 0.00000E+00  6.25000E-07  3.12500E-07
];

DETsurface_12_jin_g1 = [
    1    1    1    1     1     1     1    1    1    1  9.64635E+00 0.00090 
];


DETsurface_12_jin_g1E = [
 6.25000E-07  2.00000E+01  1.00000E+01
];

DETsurface_10_jin_g1 = [
    1    1    1    1     1     1     1    1    1    1  9.64108E+00 0.00090 
];


DETsurface_10_jin_g1E = [
 6.25000E-07  2.00000E+01  1.00000E+01
];

DETsurface_11_jin_g1 = [
    1    1    1    1     1     1     1    1    1    1 -9.64768E+00 0.00092 
];


DETsurface_11_jin_g1E = [
 6.25000E-07  2.00000E+01  1.00000E+01
];

DETsurface_9_jin_g1 = [
    1    1    1    1     1     1     1    1    1    1 -9.64507E+00 0.00090 
];


DETsurface_9_jin_g1E = [
 6.25000E-07  2.00000E+01  1.00000E+01
];

DETsurface_12_to_reg49_g0 = [
    1    1    1    1     1     1     1    1    1    1  1.99982E-01 0.00224 
];


DETsurface_12_to_reg49_g0E = [
 0.00000E+00  6.25000E-07  3.12500E-07
];

DETsurface_10_to_reg49_g0 = [
    1    1    1    1     1     1     1    1    1    1  2.00163E-01 0.00229 
];


DETsurface_10_to_reg49_g0E = [
 0.00000E+00  6.25000E-07  3.12500E-07
];

DETsurface_11_to_reg49_g0 = [
    1    1    1    1     1     1     1    1    1    1  2.00566E-01 0.00213 
];


DETsurface_11_to_reg49_g0E = [
 0.00000E+00  6.25000E-07  3.12500E-07
];

DETsurface_9_to_reg49_g0 = [
    1    1    1    1     1     1     1    1    1    1  2.00839E-01 0.00229 
];


DETsurface_9_to_reg49_g0E = [
 0.00000E+00  6.25000E-07  3.12500E-07
];

DETsurface_12_to_reg49_g1 = [
    1    1    1    1     1     1     1    1    1    1  1.21144E+00 0.00120 
];


DETsurface_12_to_reg49_g1E = [
 6.25000E-07  2.00000E+01  1.00000E+01
];

DETsurface_10_to_reg49_g1 = [
    1    1    1    1     1     1     1    1    1    1  1.20877E+00 0.00121 
];


DETsurface_10_to_reg49_g1E = [
 6.25000E-07  2.00000E+01  1.00000E+01
];

DETsurface_11_to_reg49_g1 = [
    1    1    1    1     1     1     1    1    1    1  1.21184E+00 0.00127 
];


DETsurface_11_to_reg49_g1E = [
 6.25000E-07  2.00000E+01  1.00000E+01
];

DETsurface_9_to_reg49_g1 = [
    1    1    1    1     1     1     1    1    1    1  1.21142E+00 0.00118 
];


DETsurface_9_to_reg49_g1E = [
 6.25000E-07  2.00000E+01  1.00000E+01
];

DETsurface_12_to_reg50_g0 = [
    1    1    1    1     1     1     1    1    1    1  7.95400E-01 0.00162 
];


DETsurface_12_to_reg50_g0E = [
 0.00000E+00  6.25000E-07  3.12500E-07
];

DETsurface_10_to_reg50_g0 = [
    1    1    1    1     1     1     1    1    1    1  7.95266E-01 0.00154 
];


DETsurface_10_to_reg50_g0E = [
 0.00000E+00  6.25000E-07  3.12500E-07
];

DETsurface_11_to_reg50_g0 = [
    1    1    1    1     1     1     1    1    1    1  7.94757E-01 0.00145 
];


DETsurface_11_to_reg50_g0E = [
 0.00000E+00  6.25000E-07  3.12500E-07
];

DETsurface_9_to_reg50_g0 = [
    1    1    1    1     1     1     1    1    1    1  7.94956E-01 0.00149 
];


DETsurface_9_to_reg50_g0E = [
 0.00000E+00  6.25000E-07  3.12500E-07
];

DETsurface_12_to_reg50_g1 = [
    1    1    1    1     1     1     1    1    1    1  2.30485E+00 0.00094 
];


DETsurface_12_to_reg50_g1E = [
 6.25000E-07  2.00000E+01  1.00000E+01
];

DETsurface_10_to_reg50_g1 = [
    1    1    1    1     1     1     1    1    1    1  2.30236E+00 0.00102 
];


DETsurface_10_to_reg50_g1E = [
 6.25000E-07  2.00000E+01  1.00000E+01
];

DETsurface_11_to_reg50_g1 = [
    1    1    1    1     1     1     1    1    1    1  2.30525E+00 0.00099 
];


DETsurface_11_to_reg50_g1E = [
 6.25000E-07  2.00000E+01  1.00000E+01
];

DETsurface_9_to_reg50_g1 = [
    1    1    1    1     1     1     1    1    1    1  2.30357E+00 0.00098 
];


DETsurface_9_to_reg50_g1E = [
 6.25000E-07  2.00000E+01  1.00000E+01
];

DETsurface_12_to_surf12_g0 = [
    1    1    1    1     1     1     1    1    1    1  0.00000E+00 0.00000 
];


DETsurface_12_to_surf12_g0E = [
 0.00000E+00  6.25000E-07  3.12500E-07
];

DETsurface_12_to_surf10_g0 = [
    1    1    1    1     1     1     1    1    1    1 -2.13299E-01 0.00245 
];


DETsurface_12_to_surf10_g0E = [
 0.00000E+00  6.25000E-07  3.12500E-07
];

DETsurface_12_to_surf11_g0 = [
    1    1    1    1     1     1     1    1    1    1  1.71084E-01 0.00267 
];


DETsurface_12_to_surf11_g0E = [
 0.00000E+00  6.25000E-07  3.12500E-07
];

DETsurface_12_to_surf9_g0 = [
    1    1    1    1     1     1     1    1    1    1  2.12787E-01 0.00235 
];


DETsurface_12_to_surf9_g0E = [
 0.00000E+00  6.25000E-07  3.12500E-07
];

DETsurface_10_to_surf12_g0 = [
    1    1    1    1     1     1     1    1    1    1 -2.12886E-01 0.00245 
];


DETsurface_10_to_surf12_g0E = [
 0.00000E+00  6.25000E-07  3.12500E-07
];

DETsurface_10_to_surf10_g0 = [
    1    1    1    1     1     1     1    1    1    1  0.00000E+00 0.00000 
];


DETsurface_10_to_surf10_g0E = [
 0.00000E+00  6.25000E-07  3.12500E-07
];

DETsurface_10_to_surf11_g0 = [
    1    1    1    1     1     1     1    1    1    1  2.12968E-01 0.00241 
];


DETsurface_10_to_surf11_g0E = [
 0.00000E+00  6.25000E-07  3.12500E-07
];

DETsurface_10_to_surf9_g0 = [
    1    1    1    1     1     1     1    1    1    1  1.71395E-01 0.00276 
];


DETsurface_10_to_surf9_g0E = [
 0.00000E+00  6.25000E-07  3.12500E-07
];

DETsurface_11_to_surf12_g0 = [
    1    1    1    1     1     1     1    1    1    1 -1.70647E-01 0.00278 
];


DETsurface_11_to_surf12_g0E = [
 0.00000E+00  6.25000E-07  3.12500E-07
];

DETsurface_11_to_surf10_g0 = [
    1    1    1    1     1     1     1    1    1    1 -2.13471E-01 0.00240 
];


DETsurface_11_to_surf10_g0E = [
 0.00000E+00  6.25000E-07  3.12500E-07
];

DETsurface_11_to_surf11_g0 = [
    1    1    1    1     1     1     1    1    1    1  0.00000E+00 0.00000 
];


DETsurface_11_to_surf11_g0E = [
 0.00000E+00  6.25000E-07  3.12500E-07
];

DETsurface_11_to_surf9_g0 = [
    1    1    1    1     1     1     1    1    1    1  2.14033E-01 0.00236 
];


DETsurface_11_to_surf9_g0E = [
 0.00000E+00  6.25000E-07  3.12500E-07
];

DETsurface_9_to_surf12_g0 = [
    1    1    1    1     1     1     1    1    1    1 -2.13130E-01 0.00236 
];


DETsurface_9_to_surf12_g0E = [
 0.00000E+00  6.25000E-07  3.12500E-07
];

DETsurface_9_to_surf10_g0 = [
    1    1    1    1     1     1     1    1    1    1 -1.70614E-01 0.00274 
];


DETsurface_9_to_surf10_g0E = [
 0.00000E+00  6.25000E-07  3.12500E-07
];

DETsurface_9_to_surf11_g0 = [
    1    1    1    1     1     1     1    1    1    1  2.13120E-01 0.00239 
];


DETsurface_9_to_surf11_g0E = [
 0.00000E+00  6.25000E-07  3.12500E-07
];

DETsurface_9_to_surf9_g0 = [
    1    1    1    1     1     1     1    1    1    1  0.00000E+00 0.00000 
];


DETsurface_9_to_surf9_g0E = [
 0.00000E+00  6.25000E-07  3.12500E-07
];

DETsurface_12_to_surf12_g1 = [
    1    1    1    1     1     1     1    1    1    1  0.00000E+00 0.00000 
];


DETsurface_12_to_surf12_g1E = [
 6.25000E-07  2.00000E+01  1.00000E+01
];

DETsurface_12_to_surf10_g1 = [
    1    1    1    1     1     1     1    1    1    1 -2.01947E+00 0.00113 
];


DETsurface_12_to_surf10_g1E = [
 6.25000E-07  2.00000E+01  1.00000E+01
];

DETsurface_12_to_surf11_g1 = [
    1    1    1    1     1     1     1    1    1    1  2.08906E+00 0.00136 
];


DETsurface_12_to_surf11_g1E = [
 6.25000E-07  2.00000E+01  1.00000E+01
];

DETsurface_12_to_surf9_g1 = [
    1    1    1    1     1     1     1    1    1    1  2.02151E+00 0.00112 
];


