
DETrfueltotfast = [
    1    1    1    1    1    1    1    1    1    1  7.54050E+00 0.00057 
];


DETrfueltotfastE = [
 6.25000E-07  2.00000E+01  1.00000E+01
];

DETjinfuelfast = [
    1    1    1    1    1    1    1    1    1    1  2.01118E+01 0.00058 
];


DETjinfuelfastE = [
 6.25000E-07  2.00000E+01  1.00000E+01
];

DETrmjinfuelfast = [
    1    1    1    1    1    1    1    1    1    1  5.86983E+00 0.00057 
];


DETrmjinfuelfastE = [
 6.25000E-07  2.00000E+01  1.00000E+01
];

DETjoutfuelfast = [
    1    1    1    1    1    1    1    1    1    1 -6.40275E+00 0.00054 
];


DETjoutfuelfastE = [
 6.25000E-07  2.00000E+01  1.00000E+01
];

DETrfueltomodfast = [
    1    1    1    1    1    1    1    1    1    1  1.02544E+00 0.00072 
];


DETrfueltomodfastE = [
 6.25000E-07  2.00000E+01  1.00000E+01
];

DETrfueltowfast = [
    1    1    1    1    1    1    1    1    1    1  1.34457E+00 0.00075 
];


DETrfueltowfastE = [
 6.25000E-07  2.00000E+01  1.00000E+01
];

DETrfueltoefast = [
    1    1    1    1    1    1    1    1    1    1 -1.34510E+00 0.00076 
];


DETrfueltoefastE = [
 6.25000E-07  2.00000E+01  1.00000E+01
];

DETrfueltosfast = [
    1    1    1    1    1    1    1    1    1    1  1.34370E+00 0.00073 
];


DETrfueltosfastE = [
 6.25000E-07  2.00000E+01  1.00000E+01
];

DETrfueltonfast = [
    1    1    1    1    1    1    1    1    1    1 -1.34394E+00 0.00071 
];


DETrfueltonfastE = [
 6.25000E-07  2.00000E+01  1.00000E+01
];

DETrfueltotthm = [
    1    1    1    1    1    1    1    1    1    1  1.61217E+00 0.00057 
];


DETrfueltotthmE = [
 0.00000E+00  6.25000E-07  3.12500E-07
];

DETjinfuelthm = [
    1    1    1    1    1    1    1    1    1    1  3.44968E+00 0.00066 
];


DETjinfuelthmE = [
 0.00000E+00  6.25000E-07  3.12500E-07
];

DETrmjinfuelthm = [
    1    1    1    1    1    1    1    1    1    1  1.33303E+00 0.00057 
];


DETrmjinfuelthmE = [
 0.00000E+00  6.25000E-07  3.12500E-07
];

DETjoutfuelthm = [
    1    1    1    1    1    1    1    1    1    1 -8.30015E-01 0.00087 
];


DETjoutfuelthmE = [
 0.00000E+00  6.25000E-07  3.12500E-07
];

DETrfueltomodthm = [
    1    1    1    1    1    1    1    1    1    1  2.98412E-01 0.00125 
];


DETrfueltomodthmE = [
 0.00000E+00  6.25000E-07  3.12500E-07
];

DETrfueltowthm = [
    1    1    1    1    1    1    1    1    1    1  1.32869E-01 0.00182 
];


DETrfueltowthmE = [
 0.00000E+00  6.25000E-07  3.12500E-07
];

DETrfueltoethm = [
    1    1    1    1    1    1    1    1    1    1 -1.33160E-01 0.00182 
];


DETrfueltoethmE = [
 0.00000E+00  6.25000E-07  3.12500E-07
];

DETrfueltosthm = [
    1    1    1    1    1    1    1    1    1    1  1.32617E-01 0.00181 
];


DETrfueltosthmE = [
 0.00000E+00  6.25000E-07  3.12500E-07
];

DETrfueltonthm = [
    1    1    1    1    1    1    1    1    1    1 -1.32957E-01 0.00188 
];


DETrfueltonthmE = [
 0.00000E+00  6.25000E-07  3.12500E-07
];
