
DETrfueltotfast = [
    1    1    1    1    1    1    1    1    1    1  7.45162E+00 0.00050 
];


DETrfueltotfastE = [
 6.25000E-07  2.00000E+01  1.00000E+01
];

DETjinfuelfast = [
    1    1    1    1    1    1    1    1    1    1  1.97850E+01 0.00051 
];


DETjinfuelfastE = [
 6.25000E-07  2.00000E+01  1.00000E+01
];

DETrmjinfuelfast = [
    1    1    1    1    1    1    1    1    1    1  5.80698E+00 0.00051 
];


DETrmjinfuelfastE = [
 6.25000E-07  2.00000E+01  1.00000E+01
];

DETjoutfuelfast = [
    1    1    1    1    1    1    1    1    1    1 -6.29096E+00 0.00049 
];


DETjoutfuelfastE = [
 6.25000E-07  2.00000E+01  1.00000E+01
];

DETrfueltomodfast = [
    1    1    1    1    1    1    1    1    1    1  9.98096E-01 0.00071 
];


DETrfueltomodfastE = [
 6.25000E-07  2.00000E+01  1.00000E+01
];

DETrfueltowfast = [
    1    1    1    1    1    1    1    1    1    1  1.32438E+00 0.00068 
];


DETrfueltowfastE = [
 6.25000E-07  2.00000E+01  1.00000E+01
];

DETrfueltoefast = [
    1    1    1    1    1    1    1    1    1    1 -1.32261E+00 0.00075 
];


DETrfueltoefastE = [
 6.25000E-07  2.00000E+01  1.00000E+01
];

DETrfueltosfast = [
    1    1    1    1    1    1    1    1    1    1  1.32246E+00 0.00072 
];


DETrfueltosfastE = [
 6.25000E-07  2.00000E+01  1.00000E+01
];

DETrfueltonfast = [
    1    1    1    1    1    1    1    1    1    1 -1.32341E+00 0.00069 
];


DETrfueltonfastE = [
 6.25000E-07  2.00000E+01  1.00000E+01
];

DETrfueltotthm = [
    1    1    1    1    1    1    1    1    1    1  1.14936E+00 0.00058 
];


DETrfueltotthmE = [
 0.00000E+00  6.25000E-07  3.12500E-07
];

DETjinfuelthm = [
    1    1    1    1    1    1    1    1    1    1  2.22009E+00 0.00071 
];


DETjinfuelthmE = [
 0.00000E+00  6.25000E-07  3.12500E-07
];

DETrmjinfuelthm = [
    1    1    1    1    1    1    1    1    1    1  9.57703E-01 0.00058 
];


DETrmjinfuelthmE = [
 0.00000E+00  6.25000E-07  3.12500E-07
];

DETjoutfuelthm = [
    1    1    1    1    1    1    1    1    1    1 -4.92464E-01 0.00102 
];


DETjoutfuelthmE = [
 0.00000E+00  6.25000E-07  3.12500E-07
];

DETrfueltomodthm = [
    1    1    1    1    1    1    1    1    1    1  1.70784E-01 0.00157 
];


DETrfueltomodthmE = [
 0.00000E+00  6.25000E-07  3.12500E-07
];

DETrfueltowthm = [
    1    1    1    1    1    1    1    1    1    1  8.03060E-02 0.00221 
];


DETrfueltowthmE = [
 0.00000E+00  6.25000E-07  3.12500E-07
];

DETrfueltoethm = [
    1    1    1    1    1    1    1    1    1    1 -8.03200E-02 0.00222 
];


DETrfueltoethmE = [
 0.00000E+00  6.25000E-07  3.12500E-07
];

DETrfueltosthm = [
    1    1    1    1    1    1    1    1    1    1  8.03969E-02 0.00224 
];


DETrfueltosthmE = [
 0.00000E+00  6.25000E-07  3.12500E-07
];

DETrfueltonthm = [
    1    1    1    1    1    1    1    1    1    1 -8.06576E-02 0.00222 
];


DETrfueltonthmE = [
 0.00000E+00  6.25000E-07  3.12500E-07
];
