
DETmodtt = [
    1    1    1    1    1    1    1    1    1    1  1.68823E+00 0.00170 
];


DETmodttE = [
 0.00000E+00  6.25000E-07  3.12500E-07
];

DETmodft = [
    1    1    1    1    1    1    1    1    1    1  1.59775E-01 0.00233 
];


DETmodftE = [
 0.00000E+00  6.25000E-07  3.12500E-07
];

DETmodff = [
    1    1    1    1    1    1    1    1    1    1  2.82258E+00 0.00087 
];


DETmodffE = [
 6.25000E-07  2.00000E+01  1.00000E+01
];

DETmodtf = [
    1    1    1    1    1    1    1    1    1    1  1.67510E-03 0.02351 
];


DETmodtfE = [
 6.25000E-07  2.00000E+01  1.00000E+01
];

DETmodtotfast = [
    1    1    1    1    1    1    1    1    1    1  1.29082E+01 0.00074 
];


DETmodtotfastE = [
 6.25000E-07  2.00000E+01  1.00000E+01
];

DETmodtotthm = [
    1    1    1    1    1    1    1    1    1    1  4.42441E+00 0.00136 
];


DETmodtotthmE = [
 0.00000E+00  6.25000E-07  3.12500E-07
];

DETrmodelafastfastf = [
    1    1    1    1    1    1    1    1    1    1  1.02199E+00 0.00116 
];


DETrmodelafastfastfE = [
 6.25000E-07  2.00000E+01  1.00000E+01
];

DETrmodelathmfastf = [
    1    1    1    1    1    1    1    1    1    1  4.61345E-04 0.04628 
];


DETrmodelathmfastfE = [
 6.25000E-07  2.00000E+01  1.00000E+01
];

DETrmodelafastfastw = [
    1    1    1    1    1    1    1    1    1    1  2.13785E+00 0.00100 
];


DETrmodelafastfastwE = [
 6.25000E-07  2.00000E+01  1.00000E+01
];

DETrmodelathmfastw = [
    1    1    1    1    1    1    1    1    1    1  9.77594E-04 0.03244 
];


DETrmodelathmfastwE = [
 6.25000E-07  2.00000E+01  1.00000E+01
];

DETrmodelafastfaste = [
    1    1    1    1    1    1    1    1    1    1 -2.13981E+00 0.00098 
];


DETrmodelafastfasteE = [
 6.25000E-07  2.00000E+01  1.00000E+01
];

DETrmodelathmfaste = [
    1    1    1    1    1    1    1    1    1    1 -1.00845E-03 0.03278 
];


DETrmodelathmfasteE = [
 6.25000E-07  2.00000E+01  1.00000E+01
];

DETrmodelafastfasts = [
    1    1    1    1    1    1    1    1    1    1  2.13729E+00 0.00094 
];


DETrmodelafastfastsE = [
 6.25000E-07  2.00000E+01  1.00000E+01
];

DETrmodelathmfasts = [
    1    1    1    1    1    1    1    1    1    1  1.02996E-03 0.03065 
];


DETrmodelathmfastsE = [
 6.25000E-07  2.00000E+01  1.00000E+01
];

DETrmodelafastfastn = [
    1    1    1    1    1    1    1    1    1    1 -2.13625E+00 0.00099 
];


DETrmodelafastfastnE = [
 6.25000E-07  2.00000E+01  1.00000E+01
];

DETrmodelathmfastn = [
    1    1    1    1    1    1    1    1    1    1 -9.83472E-04 0.03114 
];


DETrmodelathmfastnE = [
 6.25000E-07  2.00000E+01  1.00000E+01
];

DETrmodelathmthmf = [
    1    1    1    1    1    1    1    1    1    1  3.94138E-01 0.00159 
];


DETrmodelathmthmfE = [
 0.00000E+00  6.25000E-07  3.12500E-07
];

DETrmodelafastthmf = [
    1    1    1    1    1    1    1    1    1    1  4.16957E-02 0.00468 
];


DETrmodelafastthmfE = [
 0.00000E+00  6.25000E-07  3.12500E-07
];

DETrmodelathmthmw = [
    1    1    1    1    1    1    1    1    1    1  5.80107E-01 0.00180 
];


DETrmodelathmthmwE = [
 0.00000E+00  6.25000E-07  3.12500E-07
];

DETrmodelafastthmw = [
    1    1    1    1    1    1    1    1    1    1  7.64617E-02 0.00343 
];


DETrmodelafastthmwE = [
 0.00000E+00  6.25000E-07  3.12500E-07
];

DETrmodelathmthme = [
    1    1    1    1    1    1    1    1    1    1 -5.77732E-01 0.00185 
];


DETrmodelathmthmeE = [
 0.00000E+00  6.25000E-07  3.12500E-07
];

DETrmodelafastthme = [
    1    1    1    1    1    1    1    1    1    1 -7.61584E-02 0.00360 
];


DETrmodelafastthmeE = [
 0.00000E+00  6.25000E-07  3.12500E-07
];

DETrmodelathmthms = [
    1    1    1    1    1    1    1    1    1    1  5.79256E-01 0.00181 
];


DETrmodelathmthmsE = [
 0.00000E+00  6.25000E-07  3.12500E-07
];

DETrmodelafastthms = [
    1    1    1    1    1    1    1    1    1    1  7.63707E-02 0.00335 
];


DETrmodelafastthmsE = [
 0.00000E+00  6.25000E-07  3.12500E-07
];

DETrmodelathmthmn = [
    1    1    1    1    1    1    1    1    1    1 -5.78292E-01 0.00185 
];


DETrmodelathmthmnE = [
 0.00000E+00  6.25000E-07  3.12500E-07
];

DETrmodelafastthmn = [
    1    1    1    1    1    1    1    1    1    1 -7.69948E-02 0.00325 
];


DETrmodelafastthmnE = [
 0.00000E+00  6.25000E-07  3.12500E-07
];
