
DETmodtt = [
    1    1    1    1    1    1    1    1    1    1  1.38352E+00 0.00174 
];


DETmodttE = [
 0.00000E+00  6.25000E-07  3.12500E-07
];

DETmodft = [
    1    1    1    1    1    1    1    1    1    1  1.52997E-01 0.00232 
];


DETmodftE = [
 0.00000E+00  6.25000E-07  3.12500E-07
];

DETmodff = [
    1    1    1    1    1    1    1    1    1    1  2.79570E+00 0.00088 
];


DETmodffE = [
 6.25000E-07  2.00000E+01  1.00000E+01
];

DETmodtf = [
    1    1    1    1    1    1    1    1    1    1  1.75885E-03 0.02437 
];


DETmodtfE = [
 6.25000E-07  2.00000E+01  1.00000E+01
];

DETmodtotfast = [
    1    1    1    1    1    1    1    1    1    1  1.27917E+01 0.00072 
];


DETmodtotfastE = [
 6.25000E-07  2.00000E+01  1.00000E+01
];

DETmodtotthm = [
    1    1    1    1    1    1    1    1    1    1  3.66874E+00 0.00139 
];


DETmodtotthmE = [
 0.00000E+00  6.25000E-07  3.12500E-07
];

DETrmodelafastfastf = [
    1    1    1    1    1    1    1    1    1    1  1.01743E+00 0.00122 
];


DETrmodelafastfastfE = [
 6.25000E-07  2.00000E+01  1.00000E+01
];

DETrmodelathmfastf = [
    1    1    1    1    1    1    1    1    1    1  4.64604E-04 0.04694 
];


DETrmodelathmfastfE = [
 6.25000E-07  2.00000E+01  1.00000E+01
];

DETrmodelafastfastw = [
    1    1    1    1    1    1    1    1    1    1  2.12097E+00 0.00095 
];


DETrmodelafastfastwE = [
 6.25000E-07  2.00000E+01  1.00000E+01
];

DETrmodelathmfastw = [
    1    1    1    1    1    1    1    1    1    1  9.79826E-04 0.03185 
];


DETrmodelathmfastwE = [
 6.25000E-07  2.00000E+01  1.00000E+01
];

DETrmodelafastfaste = [
    1    1    1    1    1    1    1    1    1    1 -2.12090E+00 0.00095 
];


DETrmodelafastfasteE = [
 6.25000E-07  2.00000E+01  1.00000E+01
];

DETrmodelathmfaste = [
    1    1    1    1    1    1    1    1    1    1 -9.97677E-04 0.03094 
];


DETrmodelathmfasteE = [
 6.25000E-07  2.00000E+01  1.00000E+01
];

DETrmodelafastfasts = [
    1    1    1    1    1    1    1    1    1    1  2.12199E+00 0.00092 
];


DETrmodelafastfastsE = [
 6.25000E-07  2.00000E+01  1.00000E+01
];

DETrmodelathmfasts = [
    1    1    1    1    1    1    1    1    1    1  9.66325E-04 0.03267 
];


DETrmodelathmfastsE = [
 6.25000E-07  2.00000E+01  1.00000E+01
];

DETrmodelafastfastn = [
    1    1    1    1    1    1    1    1    1    1 -2.12172E+00 0.00094 
];


DETrmodelafastfastnE = [
 6.25000E-07  2.00000E+01  1.00000E+01
];

DETrmodelathmfastn = [
    1    1    1    1    1    1    1    1    1    1 -9.09795E-04 0.03181 
];


DETrmodelathmfastnE = [
 6.25000E-07  2.00000E+01  1.00000E+01
];

DETrmodelathmthmf = [
    1    1    1    1    1    1    1    1    1    1  3.44141E-01 0.00158 
];


DETrmodelathmthmfE = [
 0.00000E+00  6.25000E-07  3.12500E-07
];

DETrmodelafastthmf = [
    1    1    1    1    1    1    1    1    1    1  4.14443E-02 0.00483 
];


DETrmodelafastthmfE = [
 0.00000E+00  6.25000E-07  3.12500E-07
];

DETrmodelathmthmw = [
    1    1    1    1    1    1    1    1    1    1  4.78834E-01 0.00196 
];


DETrmodelathmthmwE = [
 0.00000E+00  6.25000E-07  3.12500E-07
];

DETrmodelafastthmw = [
    1    1    1    1    1    1    1    1    1    1  7.32250E-02 0.00353 
];


DETrmodelafastthmwE = [
 0.00000E+00  6.25000E-07  3.12500E-07
];

DETrmodelathmthme = [
    1    1    1    1    1    1    1    1    1    1 -4.80038E-01 0.00200 
];


DETrmodelathmthmeE = [
 0.00000E+00  6.25000E-07  3.12500E-07
];

DETrmodelafastthme = [
    1    1    1    1    1    1    1    1    1    1 -7.37769E-02 0.00348 
];


DETrmodelafastthmeE = [
 0.00000E+00  6.25000E-07  3.12500E-07
];

DETrmodelathmthms = [
    1    1    1    1    1    1    1    1    1    1  4.79544E-01 0.00193 
];


DETrmodelathmthmsE = [
 0.00000E+00  6.25000E-07  3.12500E-07
];

DETrmodelafastthms = [
    1    1    1    1    1    1    1    1    1    1  7.30923E-02 0.00360 
];


DETrmodelafastthmsE = [
 0.00000E+00  6.25000E-07  3.12500E-07
];

DETrmodelathmthmn = [
    1    1    1    1    1    1    1    1    1    1 -4.79815E-01 0.00199 
];


DETrmodelathmthmnE = [
 0.00000E+00  6.25000E-07  3.12500E-07
];

DETrmodelafastthmn = [
    1    1    1    1    1    1    1    1    1    1 -7.34990E-02 0.00361 
];


DETrmodelafastthmnE = [
 0.00000E+00  6.25000E-07  3.12500E-07
];
