
DETmodtt = [
    1    1    1    1    1    1    1    1    1    1  1.92072E+00 0.00159 
];


DETmodttE = [
 0.00000E+00  6.25000E-07  3.12500E-07
];

DETmodft = [
    1    1    1    1    1    1    1    1    1    1  1.64751E-01 0.00218 
];


DETmodftE = [
 0.00000E+00  6.25000E-07  3.12500E-07
];

DETmodff = [
    1    1    1    1    1    1    1    1    1    1  2.84574E+00 0.00095 
];


DETmodffE = [
 6.25000E-07  2.00000E+01  1.00000E+01
];

DETmodtf = [
    1    1    1    1    1    1    1    1    1    1  1.75743E-03 0.02422 
];


DETmodtfE = [
 6.25000E-07  2.00000E+01  1.00000E+01
];

DETmodtotfast = [
    1    1    1    1    1    1    1    1    1    1  1.30000E+01 0.00077 
];


DETmodtotfastE = [
 6.25000E-07  2.00000E+01  1.00000E+01
];

DETmodtotthm = [
    1    1    1    1    1    1    1    1    1    1  4.99738E+00 0.00130 
];


DETmodtotthmE = [
 0.00000E+00  6.25000E-07  3.12500E-07
];

DETrmodelafastfastf = [
    1    1    1    1    1    1    1    1    1    1  1.02558E+00 0.00120 
];


DETrmodelafastfastfE = [
 6.25000E-07  2.00000E+01  1.00000E+01
];

DETrmodelathmfastf = [
    1    1    1    1    1    1    1    1    1    1  4.81346E-04 0.04632 
];


DETrmodelathmfastfE = [
 6.25000E-07  2.00000E+01  1.00000E+01
];

DETrmodelafastfastw = [
    1    1    1    1    1    1    1    1    1    1  2.15154E+00 0.00103 
];


DETrmodelafastfastwE = [
 6.25000E-07  2.00000E+01  1.00000E+01
];

DETrmodelathmfastw = [
    1    1    1    1    1    1    1    1    1    1  1.03714E-03 0.03209 
];


DETrmodelathmfastwE = [
 6.25000E-07  2.00000E+01  1.00000E+01
];

DETrmodelafastfaste = [
    1    1    1    1    1    1    1    1    1    1 -2.15127E+00 0.00102 
];


DETrmodelafastfasteE = [
 6.25000E-07  2.00000E+01  1.00000E+01
];

DETrmodelathmfaste = [
    1    1    1    1    1    1    1    1    1    1 -1.01222E-03 0.03344 
];


DETrmodelathmfasteE = [
 6.25000E-07  2.00000E+01  1.00000E+01
];

DETrmodelafastfasts = [
    1    1    1    1    1    1    1    1    1    1  2.15084E+00 0.00094 
];


DETrmodelafastfastsE = [
 6.25000E-07  2.00000E+01  1.00000E+01
];

DETrmodelathmfasts = [
    1    1    1    1    1    1    1    1    1    1  1.05273E-03 0.02957 
];


DETrmodelathmfastsE = [
 6.25000E-07  2.00000E+01  1.00000E+01
];

DETrmodelafastfastn = [
    1    1    1    1    1    1    1    1    1    1 -2.14942E+00 0.00100 
];


DETrmodelafastfastnE = [
 6.25000E-07  2.00000E+01  1.00000E+01
];

DETrmodelathmfastn = [
    1    1    1    1    1    1    1    1    1    1 -1.05601E-03 0.03119 
];


DETrmodelathmfastnE = [
 6.25000E-07  2.00000E+01  1.00000E+01
];

DETrmodelathmthmf = [
    1    1    1    1    1    1    1    1    1    1  4.30107E-01 0.00144 
];


DETrmodelathmthmfE = [
 0.00000E+00  6.25000E-07  3.12500E-07
];

DETrmodelafastthmf = [
    1    1    1    1    1    1    1    1    1    1  4.18386E-02 0.00472 
];


DETrmodelafastthmfE = [
 0.00000E+00  6.25000E-07  3.12500E-07
];

DETrmodelathmthmw = [
    1    1    1    1    1    1    1    1    1    1  6.54692E-01 0.00176 
];


DETrmodelathmthmwE = [
 0.00000E+00  6.25000E-07  3.12500E-07
];

DETrmodelafastthmw = [
    1    1    1    1    1    1    1    1    1    1  7.84394E-02 0.00343 
];


DETrmodelafastthmwE = [
 0.00000E+00  6.25000E-07  3.12500E-07
];

DETrmodelathmthme = [
    1    1    1    1    1    1    1    1    1    1 -6.53925E-01 0.00179 
];


DETrmodelathmthmeE = [
 0.00000E+00  6.25000E-07  3.12500E-07
];

DETrmodelafastthme = [
    1    1    1    1    1    1    1    1    1    1 -7.88675E-02 0.00351 
];


DETrmodelafastthmeE = [
 0.00000E+00  6.25000E-07  3.12500E-07
];

DETrmodelathmthms = [
    1    1    1    1    1    1    1    1    1    1  6.53773E-01 0.00177 
];


DETrmodelathmthmsE = [
 0.00000E+00  6.25000E-07  3.12500E-07
];

DETrmodelafastthms = [
    1    1    1    1    1    1    1    1    1    1  7.82438E-02 0.00348 
];


DETrmodelafastthmsE = [
 0.00000E+00  6.25000E-07  3.12500E-07
];

DETrmodelathmthmn = [
    1    1    1    1    1    1    1    1    1    1 -6.54636E-01 0.00177 
];


DETrmodelathmthmnE = [
 0.00000E+00  6.25000E-07  3.12500E-07
];

DETrmodelafastthmn = [
    1    1    1    1    1    1    1    1    1    1 -7.82737E-02 0.00344 
];


DETrmodelafastthmnE = [
 0.00000E+00  6.25000E-07  3.12500E-07
];
