
DETjinwestfast = [
    1    1    1    1    1    1    1    1    1    1 -9.68315E+00 0.00090 
];


DETjinwestfastE = [
 6.25000E-07  2.00000E+01  1.00000E+01
];

DETjineastfast = [
    1    1    1    1    1    1    1    1    1    1  9.68253E+00 0.00089 
];


DETjineastfastE = [
 6.25000E-07  2.00000E+01  1.00000E+01
];

DETjinsouthfast = [
    1    1    1    1    1    1    1    1    1    1 -9.68582E+00 0.00091 
];


DETjinsouthfastE = [
 6.25000E-07  2.00000E+01  1.00000E+01
];

DETjinnorthfast = [
    1    1    1    1    1    1    1    1    1    1  9.68497E+00 0.00092 
];


DETjinnorthfastE = [
 6.25000E-07  2.00000E+01  1.00000E+01
];

DETwestmodfast = [
    1    1    1    1    1    1    1    1    1    1  2.31579E+00 0.00094 
];


DETwestmodfastE = [
 6.25000E-07  2.00000E+01  1.00000E+01
];

DETeastmodfast = [
    1    1    1    1    1    1    1    1    1    1  2.31635E+00 0.00098 
];


DETeastmodfastE = [
 6.25000E-07  2.00000E+01  1.00000E+01
];

DETsouthmodfast = [
    1    1    1    1    1    1    1    1    1    1  2.31630E+00 0.00095 
];


DETsouthmodfastE = [
 6.25000E-07  2.00000E+01  1.00000E+01
];

DETnorthmodfast = [
    1    1    1    1    1    1    1    1    1    1  2.31771E+00 0.00097 
];


DETnorthmodfastE = [
 6.25000E-07  2.00000E+01  1.00000E+01
];

DETwestfuelfast = [
    1    1    1    1    1    1    1    1    1    1  1.21597E+00 0.00119 
];


DETwestfuelfastE = [
 6.25000E-07  2.00000E+01  1.00000E+01
];

DETeastfuelfast = [
    1    1    1    1    1    1    1    1    1    1  1.21559E+00 0.00115 
];


DETeastfuelfastE = [
 6.25000E-07  2.00000E+01  1.00000E+01
];

DETsouthfuelfast = [
    1    1    1    1    1    1    1    1    1    1  1.21376E+00 0.00125 
];


DETsouthfuelfastE = [
 6.25000E-07  2.00000E+01  1.00000E+01
];

DETnorthfuelfast = [
    1    1    1    1    1    1    1    1    1    1  1.21406E+00 0.00122 
];


DETnorthfuelfastE = [
 6.25000E-07  2.00000E+01  1.00000E+01
];

DETwesteastfast = [
    1    1    1    1    1    1    1    1    1    1 -2.09169E+00 0.00133 
];


DETwesteastfastE = [
 6.25000E-07  2.00000E+01  1.00000E+01
];

DETwestsouthfast = [
    1    1    1    1    1    1    1    1    1    1  2.03002E+00 0.00114 
];


DETwestsouthfastE = [
 6.25000E-07  2.00000E+01  1.00000E+01
];

DETwestnorthfast = [
    1    1    1    1    1    1    1    1    1    1 -2.02966E+00 0.00112 
];


DETwestnorthfastE = [
 6.25000E-07  2.00000E+01  1.00000E+01
];

DETeastwestfast = [
    1    1    1    1    1    1    1    1    1    1  2.09029E+00 0.00137 
];


DETeastwestfastE = [
 6.25000E-07  2.00000E+01  1.00000E+01
];

DETeastsouthfast = [
    1    1    1    1    1    1    1    1    1    1  2.03080E+00 0.00114 
];


DETeastsouthfastE = [
 6.25000E-07  2.00000E+01  1.00000E+01
];

DETeastnorthfast = [
    1    1    1    1    1    1    1    1    1    1 -2.02947E+00 0.00113 
];


DETeastnorthfastE = [
 6.25000E-07  2.00000E+01  1.00000E+01
];

DETsouthwestfast = [
    1    1    1    1    1    1    1    1    1    1  2.03234E+00 0.00114 
];


DETsouthwestfastE = [
 6.25000E-07  2.00000E+01  1.00000E+01
];

DETsoutheastfast = [
    1    1    1    1    1    1    1    1    1    1 -2.02953E+00 0.00116 
];


DETsoutheastfastE = [
 6.25000E-07  2.00000E+01  1.00000E+01
];

DETsouthnorthfast = [
    1    1    1    1    1    1    1    1    1    1 -2.09386E+00 0.00139 
];


DETsouthnorthfastE = [
 6.25000E-07  2.00000E+01  1.00000E+01
];

DETnorthwestfast = [
    1    1    1    1    1    1    1    1    1    1  2.02845E+00 0.00112 
];


DETnorthwestfastE = [
 6.25000E-07  2.00000E+01  1.00000E+01
];

DETnortheastfast = [
    1    1    1    1    1    1    1    1    1    1 -2.03018E+00 0.00113 
];


DETnortheastfastE = [
 6.25000E-07  2.00000E+01  1.00000E+01
];

DETnorthsouthfast = [
    1    1    1    1    1    1    1    1    1    1  2.09455E+00 0.00137 
];


DETnorthsouthfastE = [
 6.25000E-07  2.00000E+01  1.00000E+01
];

DETjinwestthm = [
    1    1    1    1    1    1    1    1    1    1 -1.78727E+00 0.00125 
];


DETjinwestthmE = [
 0.00000E+00  6.25000E-07  3.12500E-07
];

DETjineastthm = [
    1    1    1    1    1    1    1    1    1    1  1.78770E+00 0.00127 
];


DETjineastthmE = [
 0.00000E+00  6.25000E-07  3.12500E-07
];

DETjinsouththm = [
    1    1    1    1    1    1    1    1    1    1 -1.78771E+00 0.00133 
];


DETjinsouththmE = [
 0.00000E+00  6.25000E-07  3.12500E-07
];

DETjinnorththm = [
    1    1    1    1    1    1    1    1    1    1  1.78596E+00 0.00127 
];


DETjinnorththmE = [
 0.00000E+00  6.25000E-07  3.12500E-07
];

DETwestmodthm = [
    1    1    1    1    1    1    1    1    1    1  8.99405E-01 0.00150 
];


DETwestmodthmE = [
 0.00000E+00  6.25000E-07  3.12500E-07
];

DETeastmodthm = [
    1    1    1    1    1    1    1    1    1    1  8.98920E-01 0.00153 
];


DETeastmodthmE = [
 0.00000E+00  6.25000E-07  3.12500E-07
];

DETsouthmodthm = [
    1    1    1    1    1    1    1    1    1    1  8.99513E-01 0.00166 
];


DETsouthmodthmE = [
 0.00000E+00  6.25000E-07  3.12500E-07
];

DETnorthmodthm = [
    1    1    1    1    1    1    1    1    1    1  8.98327E-01 0.00158 
];


DETnorthmodthmE = [
 0.00000E+00  6.25000E-07  3.12500E-07
];

DETwestfuelthm = [
    1    1    1    1    1    1    1    1    1    1  2.18645E-01 0.00219 
];


DETwestfuelthmE = [
 0.00000E+00  6.25000E-07  3.12500E-07
];

DETeastfuelthm = [
    1    1    1    1    1    1    1    1    1    1  2.18012E-01 0.00220 
];


DETeastfuelthmE = [
 0.00000E+00  6.25000E-07  3.12500E-07
];

DETsouthfuelthm = [
    1    1    1    1    1    1    1    1    1    1  2.17865E-01 0.00225 
];


DETsouthfuelthmE = [
 0.00000E+00  6.25000E-07  3.12500E-07
];

DETnorthfuelthm = [
    1    1    1    1    1    1    1    1    1    1  2.17876E-01 0.00214 
];


DETnorthfuelthmE = [
 0.00000E+00  6.25000E-07  3.12500E-07
];

DETwesteastthm = [
    1    1    1    1    1    1    1    1    1    1 -1.92706E-01 0.00269 
];


DETwesteastthmE = [
 0.00000E+00  6.25000E-07  3.12500E-07
];

DETwestsouththm = [
    1    1    1    1    1    1    1    1    1    1  2.38057E-01 0.00220 
];


DETwestsouththmE = [
 0.00000E+00  6.25000E-07  3.12500E-07
];

DETwestnorththm = [
    1    1    1    1    1    1    1    1    1    1 -2.38456E-01 0.00230 
];


DETwestnorththmE = [
 0.00000E+00  6.25000E-07  3.12500E-07
];

DETeastwestthm = [
    1    1    1    1    1    1    1    1    1    1  1.92875E-01 0.00266 
];


DETeastwestthmE = [
 0.00000E+00  6.25000E-07  3.12500E-07
];

DETeastsouththm = [
    1    1    1    1    1    1    1    1    1    1  2.38693E-01 0.00230 
];


DETeastsouththmE = [
 0.00000E+00  6.25000E-07  3.12500E-07
];

DETeastnorththm = [
    1    1    1    1    1    1    1    1    1    1 -2.39201E-01 0.00226 
];


DETeastnorththmE = [
 0.00000E+00  6.25000E-07  3.12500E-07
];

DETsouthwestthm = [
    1    1    1    1    1    1    1    1    1    1  2.38761E-01 0.00220 
];


DETsouthwestthmE = [
 0.00000E+00  6.25000E-07  3.12500E-07
];

DETsoutheastthm = [
    1    1    1    1    1    1    1    1    1    1 -2.38851E-01 0.00236 
];


DETsoutheastthmE = [
 0.00000E+00  6.25000E-07  3.12500E-07
];

DETsouthnorththm = [
    1    1    1    1    1    1    1    1    1    1 -1.92715E-01 0.00262 
];


DETsouthnorththmE = [
 0.00000E+00  6.25000E-07  3.12500E-07
];

DETnorthwestthm = [
    1    1    1    1    1    1    1    1    1    1  2.38209E-01 0.00232 
];


DETnorthwestthmE = [
 0.00000E+00  6.25000E-07  3.12500E-07
];

DETnortheastthm = [
    1    1    1    1    1    1    1    1    1    1 -2.38499E-01 0.00215 
];


DETnortheastthmE = [
 0.00000E+00  6.25000E-07  3.12500E-07
];

DETnorthsouththm = [
    1    1    1    1    1    1    1    1    1    1  1.93054E-01 0.00276 
];


DETnorthsouththmE = [
 0.00000E+00  6.25000E-07  3.12500E-07
];
