
DETjinwestfast = [
    1    1    1    1    1    1    1    1    1    1 -9.50034E+00 0.00088 
];


DETjinwestfastE = [
 6.25000E-07  2.00000E+01  1.00000E+01
];

DETjineastfast = [
    1    1    1    1    1    1    1    1    1    1  9.50171E+00 0.00088 
];


DETjineastfastE = [
 6.25000E-07  2.00000E+01  1.00000E+01
];

DETjinsouthfast = [
    1    1    1    1    1    1    1    1    1    1 -9.49753E+00 0.00088 
];


DETjinsouthfastE = [
 6.25000E-07  2.00000E+01  1.00000E+01
];

DETjinnorthfast = [
    1    1    1    1    1    1    1    1    1    1  9.49760E+00 0.00087 
];


DETjinnorthfastE = [
 6.25000E-07  2.00000E+01  1.00000E+01
];

DETwestmodfast = [
    1    1    1    1    1    1    1    1    1    1  2.24841E+00 0.00088 
];


DETwestmodfastE = [
 6.25000E-07  2.00000E+01  1.00000E+01
];

DETeastmodfast = [
    1    1    1    1    1    1    1    1    1    1  2.24959E+00 0.00091 
];


DETeastmodfastE = [
 6.25000E-07  2.00000E+01  1.00000E+01
];

DETsouthmodfast = [
    1    1    1    1    1    1    1    1    1    1  2.24710E+00 0.00093 
];


DETsouthmodfastE = [
 6.25000E-07  2.00000E+01  1.00000E+01
];

DETnorthmodfast = [
    1    1    1    1    1    1    1    1    1    1  2.24829E+00 0.00087 
];


DETnorthmodfastE = [
 6.25000E-07  2.00000E+01  1.00000E+01
];

DETwestfuelfast = [
    1    1    1    1    1    1    1    1    1    1  1.20145E+00 0.00119 
];


DETwestfuelfastE = [
 6.25000E-07  2.00000E+01  1.00000E+01
];

DETeastfuelfast = [
    1    1    1    1    1    1    1    1    1    1  1.19906E+00 0.00120 
];


DETeastfuelfastE = [
 6.25000E-07  2.00000E+01  1.00000E+01
];

DETsouthfuelfast = [
    1    1    1    1    1    1    1    1    1    1  1.19966E+00 0.00124 
];


DETsouthfuelfastE = [
 6.25000E-07  2.00000E+01  1.00000E+01
];

DETnorthfuelfast = [
    1    1    1    1    1    1    1    1    1    1  1.19815E+00 0.00119 
];


DETnorthfuelfastE = [
 6.25000E-07  2.00000E+01  1.00000E+01
];

DETwesteastfast = [
    1    1    1    1    1    1    1    1    1    1 -2.05940E+00 0.00131 
];


DETwesteastfastE = [
 6.25000E-07  2.00000E+01  1.00000E+01
];

DETwestsouthfast = [
    1    1    1    1    1    1    1    1    1    1  1.99475E+00 0.00117 
];


DETwestsouthfastE = [
 6.25000E-07  2.00000E+01  1.00000E+01
];

DETwestnorthfast = [
    1    1    1    1    1    1    1    1    1    1 -1.99630E+00 0.00115 
];


DETwestnorthfastE = [
 6.25000E-07  2.00000E+01  1.00000E+01
];

DETeastwestfast = [
    1    1    1    1    1    1    1    1    1    1  2.05870E+00 0.00138 
];


DETeastwestfastE = [
 6.25000E-07  2.00000E+01  1.00000E+01
];

DETeastsouthfast = [
    1    1    1    1    1    1    1    1    1    1  1.99882E+00 0.00112 
];


DETeastsouthfastE = [
 6.25000E-07  2.00000E+01  1.00000E+01
];

DETeastnorthfast = [
    1    1    1    1    1    1    1    1    1    1 -1.99550E+00 0.00114 
];


DETeastnorthfastE = [
 6.25000E-07  2.00000E+01  1.00000E+01
];

DETsouthwestfast = [
    1    1    1    1    1    1    1    1    1    1  1.99844E+00 0.00114 
];


DETsouthwestfastE = [
 6.25000E-07  2.00000E+01  1.00000E+01
];

DETsoutheastfast = [
    1    1    1    1    1    1    1    1    1    1 -1.99432E+00 0.00113 
];


DETsoutheastfastE = [
 6.25000E-07  2.00000E+01  1.00000E+01
];

DETsouthnorthfast = [
    1    1    1    1    1    1    1    1    1    1 -2.05797E+00 0.00132 
];


DETsouthnorthfastE = [
 6.25000E-07  2.00000E+01  1.00000E+01
];

DETnorthwestfast = [
    1    1    1    1    1    1    1    1    1    1  1.99659E+00 0.00118 
];


DETnorthwestfastE = [
 6.25000E-07  2.00000E+01  1.00000E+01
];

DETnortheastfast = [
    1    1    1    1    1    1    1    1    1    1 -1.99757E+00 0.00116 
];


DETnortheastfastE = [
 6.25000E-07  2.00000E+01  1.00000E+01
];

DETnorthsouthfast = [
    1    1    1    1    1    1    1    1    1    1  2.05697E+00 0.00134 
];


DETnorthsouthfastE = [
 6.25000E-07  2.00000E+01  1.00000E+01
];

DETjinwestthm = [
    1    1    1    1    1    1    1    1    1    1 -1.00944E+00 0.00156 
];


DETjinwestthmE = [
 0.00000E+00  6.25000E-07  3.12500E-07
];

DETjineastthm = [
    1    1    1    1    1    1    1    1    1    1  1.00820E+00 0.00147 
];


DETjineastthmE = [
 0.00000E+00  6.25000E-07  3.12500E-07
];

DETjinsouththm = [
    1    1    1    1    1    1    1    1    1    1 -1.01002E+00 0.00150 
];


DETjinsouththmE = [
 0.00000E+00  6.25000E-07  3.12500E-07
];

DETjinnorththm = [
    1    1    1    1    1    1    1    1    1    1  1.01032E+00 0.00147 
];


DETjinnorththmE = [
 0.00000E+00  6.25000E-07  3.12500E-07
];

DETwestmodthm = [
    1    1    1    1    1    1    1    1    1    1  4.90677E-01 0.00200 
];


DETwestmodthmE = [
 0.00000E+00  6.25000E-07  3.12500E-07
];

DETeastmodthm = [
    1    1    1    1    1    1    1    1    1    1  4.90094E-01 0.00192 
];


DETeastmodthmE = [
 0.00000E+00  6.25000E-07  3.12500E-07
];

DETsouthmodthm = [
    1    1    1    1    1    1    1    1    1    1  4.89450E-01 0.00197 
];


DETsouthmodthmE = [
 0.00000E+00  6.25000E-07  3.12500E-07
];

DETnorthmodthm = [
    1    1    1    1    1    1    1    1    1    1  4.90610E-01 0.00189 
];


DETnorthmodthmE = [
 0.00000E+00  6.25000E-07  3.12500E-07
];

DETwestfuelthm = [
    1    1    1    1    1    1    1    1    1    1  1.42781E-01 0.00279 
];


DETwestfuelthmE = [
 0.00000E+00  6.25000E-07  3.12500E-07
];

DETeastfuelthm = [
    1    1    1    1    1    1    1    1    1    1  1.42375E-01 0.00264 
];


DETeastfuelthmE = [
 0.00000E+00  6.25000E-07  3.12500E-07
];

DETsouthfuelthm = [
    1    1    1    1    1    1    1    1    1    1  1.43479E-01 0.00257 
];


DETsouthfuelthmE = [
 0.00000E+00  6.25000E-07  3.12500E-07
];

DETnorthfuelthm = [
    1    1    1    1    1    1    1    1    1    1  1.43367E-01 0.00253 
];


DETnorthfuelthmE = [
 0.00000E+00  6.25000E-07  3.12500E-07
];

DETwesteastthm = [
    1    1    1    1    1    1    1    1    1    1 -1.03527E-01 0.00355 
];


DETwesteastthmE = [
 0.00000E+00  6.25000E-07  3.12500E-07
];

DETwestsouththm = [
    1    1    1    1    1    1    1    1    1    1  1.36340E-01 0.00282 
];


DETwestsouththmE = [
 0.00000E+00  6.25000E-07  3.12500E-07
];

DETwestnorththm = [
    1    1    1    1    1    1    1    1    1    1 -1.36121E-01 0.00295 
];


DETwestnorththmE = [
 0.00000E+00  6.25000E-07  3.12500E-07
];

DETeastwestthm = [
    1    1    1    1    1    1    1    1    1    1  1.03708E-01 0.00351 
];


DETeastwestthmE = [
 0.00000E+00  6.25000E-07  3.12500E-07
];

DETeastsouththm = [
    1    1    1    1    1    1    1    1    1    1  1.36006E-01 0.00295 
];


DETeastsouththmE = [
 0.00000E+00  6.25000E-07  3.12500E-07
];

DETeastnorththm = [
    1    1    1    1    1    1    1    1    1    1 -1.36014E-01 0.00285 
];


DETeastnorththmE = [
 0.00000E+00  6.25000E-07  3.12500E-07
];

DETsouthwestthm = [
    1    1    1    1    1    1    1    1    1    1  1.36349E-01 0.00285 
];


DETsouthwestthmE = [
 0.00000E+00  6.25000E-07  3.12500E-07
];

DETsoutheastthm = [
    1    1    1    1    1    1    1    1    1    1 -1.36727E-01 0.00294 
];


DETsoutheastthmE = [
 0.00000E+00  6.25000E-07  3.12500E-07
];

DETsouthnorththm = [
    1    1    1    1    1    1    1    1    1    1 -1.04015E-01 0.00338 
];


DETsouthnorththmE = [
 0.00000E+00  6.25000E-07  3.12500E-07
];

DETnorthwestthm = [
    1    1    1    1    1    1    1    1    1    1  1.36227E-01 0.00296 
];


DETnorthwestthmE = [
 0.00000E+00  6.25000E-07  3.12500E-07
];

DETnortheastthm = [
    1    1    1    1    1    1    1    1    1    1 -1.36115E-01 0.00289 
];


DETnortheastthmE = [
 0.00000E+00  6.25000E-07  3.12500E-07
];

DETnorthsouththm = [
    1    1    1    1    1    1    1    1    1    1  1.03999E-01 0.00354 
];


DETnorthsouththmE = [
 0.00000E+00  6.25000E-07  3.12500E-07
];
