
DETjinwestfast = [
    1    1    1    1    1    1    1    1    1    1 -9.56448E+00 0.00085 
];


DETjinwestfastE = [
 6.25000E-07  2.00000E+01  1.00000E+01
];

DETjineastfast = [
    1    1    1    1    1    1    1    1    1    1  9.56249E+00 0.00087 
];


DETjineastfastE = [
 6.25000E-07  2.00000E+01  1.00000E+01
];

DETjinsouthfast = [
    1    1    1    1    1    1    1    1    1    1 -9.56548E+00 0.00086 
];


DETjinsouthfastE = [
 6.25000E-07  2.00000E+01  1.00000E+01
];

DETjinnorthfast = [
    1    1    1    1    1    1    1    1    1    1  9.56387E+00 0.00085 
];


DETjinnorthfastE = [
 6.25000E-07  2.00000E+01  1.00000E+01
];

DETwestmodfast = [
    1    1    1    1    1    1    1    1    1    1  2.27423E+00 0.00092 
];


DETwestmodfastE = [
 6.25000E-07  2.00000E+01  1.00000E+01
];

DETeastmodfast = [
    1    1    1    1    1    1    1    1    1    1  2.27386E+00 0.00097 
];


DETeastmodfastE = [
 6.25000E-07  2.00000E+01  1.00000E+01
];

DETsouthmodfast = [
    1    1    1    1    1    1    1    1    1    1  2.27355E+00 0.00095 
];


DETsouthmodfastE = [
 6.25000E-07  2.00000E+01  1.00000E+01
];

DETnorthmodfast = [
    1    1    1    1    1    1    1    1    1    1  2.27255E+00 0.00097 
];


DETnorthmodfastE = [
 6.25000E-07  2.00000E+01  1.00000E+01
];

DETwestfuelfast = [
    1    1    1    1    1    1    1    1    1    1  1.20241E+00 0.00118 
];


DETwestfuelfastE = [
 6.25000E-07  2.00000E+01  1.00000E+01
];

DETeastfuelfast = [
    1    1    1    1    1    1    1    1    1    1  1.20575E+00 0.00114 
];


DETeastfuelfastE = [
 6.25000E-07  2.00000E+01  1.00000E+01
];

DETsouthfuelfast = [
    1    1    1    1    1    1    1    1    1    1  1.20421E+00 0.00116 
];


DETsouthfuelfastE = [
 6.25000E-07  2.00000E+01  1.00000E+01
];

DETnorthfuelfast = [
    1    1    1    1    1    1    1    1    1    1  1.20333E+00 0.00112 
];


DETnorthfuelfastE = [
 6.25000E-07  2.00000E+01  1.00000E+01
];

DETwesteastfast = [
    1    1    1    1    1    1    1    1    1    1 -2.06855E+00 0.00133 
];


DETwesteastfastE = [
 6.25000E-07  2.00000E+01  1.00000E+01
];

DETwestsouthfast = [
    1    1    1    1    1    1    1    1    1    1  2.00876E+00 0.00107 
];


DETwestsouthfastE = [
 6.25000E-07  2.00000E+01  1.00000E+01
];

DETwestnorthfast = [
    1    1    1    1    1    1    1    1    1    1 -2.01050E+00 0.00110 
];


DETwestnorthfastE = [
 6.25000E-07  2.00000E+01  1.00000E+01
];

DETeastwestfast = [
    1    1    1    1    1    1    1    1    1    1  2.06716E+00 0.00135 
];


DETeastwestfastE = [
 6.25000E-07  2.00000E+01  1.00000E+01
];

DETeastsouthfast = [
    1    1    1    1    1    1    1    1    1    1  2.00798E+00 0.00110 
];


DETeastsouthfastE = [
 6.25000E-07  2.00000E+01  1.00000E+01
];

DETeastnorthfast = [
    1    1    1    1    1    1    1    1    1    1 -2.00771E+00 0.00108 
];


DETeastnorthfastE = [
 6.25000E-07  2.00000E+01  1.00000E+01
];

DETsouthwestfast = [
    1    1    1    1    1    1    1    1    1    1  2.00982E+00 0.00108 
];


DETsouthwestfastE = [
 6.25000E-07  2.00000E+01  1.00000E+01
];

DETsoutheastfast = [
    1    1    1    1    1    1    1    1    1    1 -2.00731E+00 0.00109 
];


DETsoutheastfastE = [
 6.25000E-07  2.00000E+01  1.00000E+01
];

DETsouthnorthfast = [
    1    1    1    1    1    1    1    1    1    1 -2.07055E+00 0.00134 
];


DETsouthnorthfastE = [
 6.25000E-07  2.00000E+01  1.00000E+01
];

DETnorthwestfast = [
    1    1    1    1    1    1    1    1    1    1  2.00767E+00 0.00108 
];


DETnorthwestfastE = [
 6.25000E-07  2.00000E+01  1.00000E+01
];

DETnortheastfast = [
    1    1    1    1    1    1    1    1    1    1 -2.01035E+00 0.00111 
];


DETnortheastfastE = [
 6.25000E-07  2.00000E+01  1.00000E+01
];

DETnorthsouthfast = [
    1    1    1    1    1    1    1    1    1    1  2.06995E+00 0.00132 
];


DETnorthsouthfastE = [
 6.25000E-07  2.00000E+01  1.00000E+01
];

DETjinwestthm = [
    1    1    1    1    1    1    1    1    1    1 -1.20138E+00 0.00139 
];


DETjinwestthmE = [
 0.00000E+00  6.25000E-07  3.12500E-07
];

DETjineastthm = [
    1    1    1    1    1    1    1    1    1    1  1.20119E+00 0.00132 
];


DETjineastthmE = [
 0.00000E+00  6.25000E-07  3.12500E-07
];

DETjinsouththm = [
    1    1    1    1    1    1    1    1    1    1 -1.20232E+00 0.00139 
];


DETjinsouththmE = [
 0.00000E+00  6.25000E-07  3.12500E-07
];

DETjinnorththm = [
    1    1    1    1    1    1    1    1    1    1  1.20024E+00 0.00139 
];


DETjinnorththmE = [
 0.00000E+00  6.25000E-07  3.12500E-07
];

DETwestmodthm = [
    1    1    1    1    1    1    1    1    1    1  5.91147E-01 0.00186 
];


DETwestmodthmE = [
 0.00000E+00  6.25000E-07  3.12500E-07
];

DETeastmodthm = [
    1    1    1    1    1    1    1    1    1    1  5.89230E-01 0.00175 
];


DETeastmodthmE = [
 0.00000E+00  6.25000E-07  3.12500E-07
];

DETsouthmodthm = [
    1    1    1    1    1    1    1    1    1    1  5.90365E-01 0.00181 
];


DETsouthmodthmE = [
 0.00000E+00  6.25000E-07  3.12500E-07
];

DETnorthmodthm = [
    1    1    1    1    1    1    1    1    1    1  5.90219E-01 0.00181 
];


DETnorthmodthmE = [
 0.00000E+00  6.25000E-07  3.12500E-07
];

DETwestfuelthm = [
    1    1    1    1    1    1    1    1    1    1  1.62019E-01 0.00253 
];


DETwestfuelthmE = [
 0.00000E+00  6.25000E-07  3.12500E-07
];

DETeastfuelthm = [
    1    1    1    1    1    1    1    1    1    1  1.63168E-01 0.00263 
];


DETeastfuelthmE = [
 0.00000E+00  6.25000E-07  3.12500E-07
];

DETsouthfuelthm = [
    1    1    1    1    1    1    1    1    1    1  1.62718E-01 0.00249 
];


DETsouthfuelthmE = [
 0.00000E+00  6.25000E-07  3.12500E-07
];

DETnorthfuelthm = [
    1    1    1    1    1    1    1    1    1    1  1.62209E-01 0.00258 
];


DETnorthfuelthmE = [
 0.00000E+00  6.25000E-07  3.12500E-07
];

DETwesteastthm = [
    1    1    1    1    1    1    1    1    1    1 -1.25186E-01 0.00311 
];


DETwesteastthmE = [
 0.00000E+00  6.25000E-07  3.12500E-07
];

DETwestsouththm = [
    1    1    1    1    1    1    1    1    1    1  1.61829E-01 0.00270 
];


DETwestsouththmE = [
 0.00000E+00  6.25000E-07  3.12500E-07
];

DETwestnorththm = [
    1    1    1    1    1    1    1    1    1    1 -1.61202E-01 0.00266 
];


DETwestnorththmE = [
 0.00000E+00  6.25000E-07  3.12500E-07
];

DETeastwestthm = [
    1    1    1    1    1    1    1    1    1    1  1.26076E-01 0.00303 
];


DETeastwestthmE = [
 0.00000E+00  6.25000E-07  3.12500E-07
];

DETeastsouththm = [
    1    1    1    1    1    1    1    1    1    1  1.61749E-01 0.00266 
];


DETeastsouththmE = [
 0.00000E+00  6.25000E-07  3.12500E-07
];

DETeastnorththm = [
    1    1    1    1    1    1    1    1    1    1 -1.60967E-01 0.00268 
];


DETeastnorththmE = [
 0.00000E+00  6.25000E-07  3.12500E-07
];

DETsouthwestthm = [
    1    1    1    1    1    1    1    1    1    1  1.61669E-01 0.00252 
];


DETsouthwestthmE = [
 0.00000E+00  6.25000E-07  3.12500E-07
];

DETsoutheastthm = [
    1    1    1    1    1    1    1    1    1    1 -1.61801E-01 0.00277 
];


DETsoutheastthmE = [
 0.00000E+00  6.25000E-07  3.12500E-07
];

DETsouthnorththm = [
    1    1    1    1    1    1    1    1    1    1 -1.25766E-01 0.00321 
];


DETsouthnorththmE = [
 0.00000E+00  6.25000E-07  3.12500E-07
];

DETnorthwestthm = [
    1    1    1    1    1    1    1    1    1    1  1.61523E-01 0.00251 
];


DETnorthwestthmE = [
 0.00000E+00  6.25000E-07  3.12500E-07
];

DETnortheastthm = [
    1    1    1    1    1    1    1    1    1    1 -1.60910E-01 0.00261 
];


DETnortheastthmE = [
 0.00000E+00  6.25000E-07  3.12500E-07
];

DETnorthsouththm = [
    1    1    1    1    1    1    1    1    1    1  1.25382E-01 0.00308 
];


DETnorthsouththmE = [
 0.00000E+00  6.25000E-07  3.12500E-07
];
