
DETjinwestfast = [
    1    1    1    1    1    1    1    1    1    1 -9.64507E+00 0.00090 
];


DETjinwestfastE = [
 6.25000E-07  2.00000E+01  1.00000E+01
];

DETjineastfast = [
    1    1    1    1    1    1    1    1    1    1  9.64108E+00 0.00090 
];


DETjineastfastE = [
 6.25000E-07  2.00000E+01  1.00000E+01
];

DETjinsouthfast = [
    1    1    1    1    1    1    1    1    1    1 -9.64768E+00 0.00092 
];


DETjinsouthfastE = [
 6.25000E-07  2.00000E+01  1.00000E+01
];

DETjinnorthfast = [
    1    1    1    1    1    1    1    1    1    1  9.64635E+00 0.00090 
];


DETjinnorthfastE = [
 6.25000E-07  2.00000E+01  1.00000E+01
];

DETwestmodfast = [
    1    1    1    1    1    1    1    1    1    1  2.30357E+00 0.00098 
];


DETwestmodfastE = [
 6.25000E-07  2.00000E+01  1.00000E+01
];

DETeastmodfast = [
    1    1    1    1    1    1    1    1    1    1  2.30236E+00 0.00102 
];


DETeastmodfastE = [
 6.25000E-07  2.00000E+01  1.00000E+01
];

DETsouthmodfast = [
    1    1    1    1    1    1    1    1    1    1  2.30525E+00 0.00099 
];


DETsouthmodfastE = [
 6.25000E-07  2.00000E+01  1.00000E+01
];

DETnorthmodfast = [
    1    1    1    1    1    1    1    1    1    1  2.30485E+00 0.00094 
];


DETnorthmodfastE = [
 6.25000E-07  2.00000E+01  1.00000E+01
];

DETwestfuelfast = [
    1    1    1    1    1    1    1    1    1    1  1.21142E+00 0.00118 
];


DETwestfuelfastE = [
 6.25000E-07  2.00000E+01  1.00000E+01
];

DETeastfuelfast = [
    1    1    1    1    1    1    1    1    1    1  1.20877E+00 0.00121 
];


DETeastfuelfastE = [
 6.25000E-07  2.00000E+01  1.00000E+01
];

DETsouthfuelfast = [
    1    1    1    1    1    1    1    1    1    1  1.21184E+00 0.00127 
];


DETsouthfuelfastE = [
 6.25000E-07  2.00000E+01  1.00000E+01
];

DETnorthfuelfast = [
    1    1    1    1    1    1    1    1    1    1  1.21144E+00 0.00120 
];


DETnorthfuelfastE = [
 6.25000E-07  2.00000E+01  1.00000E+01
];

DETwesteastfast = [
    1    1    1    1    1    1    1    1    1    1 -2.08631E+00 0.00140 
];


DETwesteastfastE = [
 6.25000E-07  2.00000E+01  1.00000E+01
];

DETwestsouthfast = [
    1    1    1    1    1    1    1    1    1    1  2.02194E+00 0.00111 
];


DETwestsouthfastE = [
 6.25000E-07  2.00000E+01  1.00000E+01
];

DETwestnorthfast = [
    1    1    1    1    1    1    1    1    1    1 -2.02180E+00 0.00114 
];


DETwestnorthfastE = [
 6.25000E-07  2.00000E+01  1.00000E+01
];

DETeastwestfast = [
    1    1    1    1    1    1    1    1    1    1  2.08857E+00 0.00133 
];


DETeastwestfastE = [
 6.25000E-07  2.00000E+01  1.00000E+01
];

DETeastsouthfast = [
    1    1    1    1    1    1    1    1    1    1  2.01876E+00 0.00113 
];


DETeastsouthfastE = [
 6.25000E-07  2.00000E+01  1.00000E+01
];

DETeastnorthfast = [
    1    1    1    1    1    1    1    1    1    1 -2.02260E+00 0.00108 
];


DETeastnorthfastE = [
 6.25000E-07  2.00000E+01  1.00000E+01
];

DETsouthwestfast = [
    1    1    1    1    1    1    1    1    1    1  2.01911E+00 0.00110 
];


DETsouthwestfastE = [
 6.25000E-07  2.00000E+01  1.00000E+01
];

DETsoutheastfast = [
    1    1    1    1    1    1    1    1    1    1 -2.02244E+00 0.00112 
];


DETsoutheastfastE = [
 6.25000E-07  2.00000E+01  1.00000E+01
];

DETsouthnorthfast = [
    1    1    1    1    1    1    1    1    1    1 -2.08900E+00 0.00138 
];


DETsouthnorthfastE = [
 6.25000E-07  2.00000E+01  1.00000E+01
];

DETnorthwestfast = [
    1    1    1    1    1    1    1    1    1    1  2.02151E+00 0.00112 
];


DETnorthwestfastE = [
 6.25000E-07  2.00000E+01  1.00000E+01
];

DETnortheastfast = [
    1    1    1    1    1    1    1    1    1    1 -2.01947E+00 0.00113 
];


DETnortheastfastE = [
 6.25000E-07  2.00000E+01  1.00000E+01
];

DETnorthsouthfast = [
    1    1    1    1    1    1    1    1    1    1  2.08906E+00 0.00136 
];


DETnorthsouthfastE = [
 6.25000E-07  2.00000E+01  1.00000E+01
];

DETjinwestthm = [
    1    1    1    1    1    1    1    1    1    1 -1.59266E+00 0.00123 
];


DETjinwestthmE = [
 0.00000E+00  6.25000E-07  3.12500E-07
];

DETjineastthm = [
    1    1    1    1    1    1    1    1    1    1  1.59268E+00 0.00124 
];


DETjineastthmE = [
 0.00000E+00  6.25000E-07  3.12500E-07
];

DETjinsouththm = [
    1    1    1    1    1    1    1    1    1    1 -1.59347E+00 0.00119 
];


DETjinsouththmE = [
 0.00000E+00  6.25000E-07  3.12500E-07
];

DETjinnorththm = [
    1    1    1    1    1    1    1    1    1    1  1.59255E+00 0.00128 
];


DETjinnorththmE = [
 0.00000E+00  6.25000E-07  3.12500E-07
];

DETwestmodthm = [
    1    1    1    1    1    1    1    1    1    1  7.94956E-01 0.00149 
];


DETwestmodthmE = [
 0.00000E+00  6.25000E-07  3.12500E-07
];

DETeastmodthm = [
    1    1    1    1    1    1    1    1    1    1  7.95266E-01 0.00154 
];


DETeastmodthmE = [
 0.00000E+00  6.25000E-07  3.12500E-07
];

DETsouthmodthm = [
    1    1    1    1    1    1    1    1    1    1  7.94757E-01 0.00145 
];


DETsouthmodthmE = [
 0.00000E+00  6.25000E-07  3.12500E-07
];

DETnorthmodthm = [
    1    1    1    1    1    1    1    1    1    1  7.95400E-01 0.00162 
];


DETnorthmodthmE = [
 0.00000E+00  6.25000E-07  3.12500E-07
];

DETwestfuelthm = [
    1    1    1    1    1    1    1    1    1    1  2.00839E-01 0.00229 
];


DETwestfuelthmE = [
 0.00000E+00  6.25000E-07  3.12500E-07
];

DETeastfuelthm = [
    1    1    1    1    1    1    1    1    1    1  2.00163E-01 0.00229 
];


DETeastfuelthmE = [
 0.00000E+00  6.25000E-07  3.12500E-07
];

DETsouthfuelthm = [
    1    1    1    1    1    1    1    1    1    1  2.00566E-01 0.00213 
];


DETsouthfuelthmE = [
 0.00000E+00  6.25000E-07  3.12500E-07
];

DETnorthfuelthm = [
    1    1    1    1    1    1    1    1    1    1  1.99982E-01 0.00224 
];


DETnorthfuelthmE = [
 0.00000E+00  6.25000E-07  3.12500E-07
];

DETwesteastthm = [
    1    1    1    1    1    1    1    1    1    1 -1.70614E-01 0.00274 
];


DETwesteastthmE = [
 0.00000E+00  6.25000E-07  3.12500E-07
];

DETwestsouththm = [
    1    1    1    1    1    1    1    1    1    1  2.13120E-01 0.00239 
];


DETwestsouththmE = [
 0.00000E+00  6.25000E-07  3.12500E-07
];

DETwestnorththm = [
    1    1    1    1    1    1    1    1    1    1 -2.13130E-01 0.00236 
];


DETwestnorththmE = [
 0.00000E+00  6.25000E-07  3.12500E-07
];

DETeastwestthm = [
    1    1    1    1    1    1    1    1    1    1  1.71395E-01 0.00276 
];


DETeastwestthmE = [
 0.00000E+00  6.25000E-07  3.12500E-07
];

DETeastsouththm = [
    1    1    1    1    1    1    1    1    1    1  2.12968E-01 0.00241 
];


DETeastsouththmE = [
 0.00000E+00  6.25000E-07  3.12500E-07
];

DETeastnorththm = [
    1    1    1    1    1    1    1    1    1    1 -2.12886E-01 0.00245 
];


DETeastnorththmE = [
 0.00000E+00  6.25000E-07  3.12500E-07
];

DETsouthwestthm = [
    1    1    1    1    1    1    1    1    1    1  2.14033E-01 0.00236 
];


DETsouthwestthmE = [
 0.00000E+00  6.25000E-07  3.12500E-07
];

DETsoutheastthm = [
    1    1    1    1    1    1    1    1    1    1 -2.13471E-01 0.00240 
];


DETsoutheastthmE = [
 0.00000E+00  6.25000E-07  3.12500E-07
];

DETsouthnorththm = [
    1    1    1    1    1    1    1    1    1    1 -1.70647E-01 0.00278 
];


DETsouthnorththmE = [
 0.00000E+00  6.25000E-07  3.12500E-07
];

DETnorthwestthm = [
    1    1    1    1    1    1    1    1    1    1  2.12787E-01 0.00235 
];


DETnorthwestthmE = [
 0.00000E+00  6.25000E-07  3.12500E-07
];

DETnortheastthm = [
    1    1    1    1    1    1    1    1    1    1 -2.13299E-01 0.00245 
];


DETnortheastthmE = [
 0.00000E+00  6.25000E-07  3.12500E-07
];

DETnorthsouththm = [
    1    1    1    1    1    1    1    1    1    1  1.71084E-01 0.00267 
];


DETnorthsouththmE = [
 0.00000E+00  6.25000E-07  3.12500E-07
];
