
DETsurface_30_jin_g0 = [
    1    1    1    1     1     1     1    1    1    1  1.08258E+00 0.00141 
];


DETsurface_30_jin_g0E = [
 0.00000E+00  6.25000E-07  3.12500E-07
];

DETsurface_28_jin_g0 = [
    1    1    1    1     1     1     1    1    1    1  1.08241E+00 0.00135 
];


DETsurface_28_jin_g0E = [
 0.00000E+00  6.25000E-07  3.12500E-07
];

DETsurface_29_jin_g0 = [
    1    1    1    1     1     1     1    1    1    1 -1.08382E+00 0.00142 
];


DETsurface_29_jin_g0E = [
 0.00000E+00  6.25000E-07  3.12500E-07
];

DETsurface_27_jin_g0 = [
    1    1    1    1     1     1     1    1    1    1 -1.08177E+00 0.00139 
];


DETsurface_27_jin_g0E = [
 0.00000E+00  6.25000E-07  3.12500E-07
];

DETsurface_30_jin_g1 = [
    1    1    1    1     1     1     1    1    1    1  9.52849E+00 0.00082 
];


DETsurface_30_jin_g1E = [
 6.25000E-07  2.00000E+01  1.00000E+01
];

DETsurface_28_jin_g1 = [
    1    1    1    1     1     1     1    1    1    1  9.52494E+00 0.00080 
];


DETsurface_28_jin_g1E = [
 6.25000E-07  2.00000E+01  1.00000E+01
];

DETsurface_29_jin_g1 = [
    1    1    1    1     1     1     1    1    1    1 -9.52872E+00 0.00082 
];


DETsurface_29_jin_g1E = [
 6.25000E-07  2.00000E+01  1.00000E+01
];

DETsurface_27_jin_g1 = [
    1    1    1    1     1     1     1    1    1    1 -9.52303E+00 0.00082 
];


DETsurface_27_jin_g1E = [
 6.25000E-07  2.00000E+01  1.00000E+01
];

DETsurface_30_to_reg58_g0 = [
    1    1    1    1     1     1     1    1    1    1  1.50920E-01 0.00262 
];


DETsurface_30_to_reg58_g0E = [
 0.00000E+00  6.25000E-07  3.12500E-07
];

DETsurface_28_to_reg58_g0 = [
    1    1    1    1     1     1     1    1    1    1  1.50227E-01 0.00252 
];


DETsurface_28_to_reg58_g0E = [
 0.00000E+00  6.25000E-07  3.12500E-07
];

DETsurface_29_to_reg58_g0 = [
    1    1    1    1     1     1     1    1    1    1  1.49998E-01 0.00264 
];


DETsurface_29_to_reg58_g0E = [
 0.00000E+00  6.25000E-07  3.12500E-07
];

DETsurface_27_to_reg58_g0 = [
    1    1    1    1     1     1     1    1    1    1  1.50692E-01 0.00255 
];


DETsurface_27_to_reg58_g0E = [
 0.00000E+00  6.25000E-07  3.12500E-07
];

DETsurface_30_to_reg58_g1 = [
    1    1    1    1     1     1     1    1    1    1  1.20227E+00 0.00115 
];


DETsurface_30_to_reg58_g1E = [
 6.25000E-07  2.00000E+01  1.00000E+01
];

DETsurface_28_to_reg58_g1 = [
    1    1    1    1     1     1     1    1    1    1  1.20269E+00 0.00111 
];


DETsurface_28_to_reg58_g1E = [
 6.25000E-07  2.00000E+01  1.00000E+01
];

DETsurface_29_to_reg58_g1 = [
    1    1    1    1     1     1     1    1    1    1  1.20275E+00 0.00117 
];


DETsurface_29_to_reg58_g1E = [
 6.25000E-07  2.00000E+01  1.00000E+01
];

DETsurface_27_to_reg58_g1 = [
    1    1    1    1     1     1     1    1    1    1  1.20189E+00 0.00111 
];


DETsurface_27_to_reg58_g1E = [
 6.25000E-07  2.00000E+01  1.00000E+01
];

DETsurface_30_to_reg59_g0 = [
    1    1    1    1     1     1     1    1    1    1  5.28257E-01 0.00187 
];


DETsurface_30_to_reg59_g0E = [
 0.00000E+00  6.25000E-07  3.12500E-07
];

DETsurface_28_to_reg59_g0 = [
    1    1    1    1     1     1     1    1    1    1  5.28325E-01 0.00181 
];


DETsurface_28_to_reg59_g0E = [
 0.00000E+00  6.25000E-07  3.12500E-07
];

DETsurface_29_to_reg59_g0 = [
    1    1    1    1     1     1     1    1    1    1  5.28145E-01 0.00187 
];


DETsurface_29_to_reg59_g0E = [
 0.00000E+00  6.25000E-07  3.12500E-07
];

DETsurface_27_to_reg59_g0 = [
    1    1    1    1     1     1     1    1    1    1  5.28014E-01 0.00184 
];


DETsurface_27_to_reg59_g0E = [
 0.00000E+00  6.25000E-07  3.12500E-07
];

DETsurface_30_to_reg59_g1 = [
    1    1    1    1     1     1     1    1    1    1  2.25789E+00 0.00091 
];


DETsurface_30_to_reg59_g1E = [
 6.25000E-07  2.00000E+01  1.00000E+01
];

DETsurface_28_to_reg59_g1 = [
    1    1    1    1     1     1     1    1    1    1  2.25865E+00 0.00090 
];


DETsurface_28_to_reg59_g1E = [
 6.25000E-07  2.00000E+01  1.00000E+01
];

DETsurface_29_to_reg59_g1 = [
    1    1    1    1     1     1     1    1    1    1  2.25877E+00 0.00092 
];


DETsurface_29_to_reg59_g1E = [
 6.25000E-07  2.00000E+01  1.00000E+01
];

DETsurface_27_to_reg59_g1 = [
    1    1    1    1     1     1     1    1    1    1  2.25589E+00 0.00095 
];


DETsurface_27_to_reg59_g1E = [
 6.25000E-07  2.00000E+01  1.00000E+01
];

DETsurface_30_to_surf30_g0 = [
    1    1    1    1     1     1     1    1    1    1  0.00000E+00 0.00000 
];


DETsurface_30_to_surf30_g0E = [
 0.00000E+00  6.25000E-07  3.12500E-07
];

DETsurface_30_to_surf28_g0 = [
    1    1    1    1     1     1     1    1    1    1 -1.45442E-01 0.00269 
];


DETsurface_30_to_surf28_g0E = [
 0.00000E+00  6.25000E-07  3.12500E-07
];

DETsurface_30_to_surf29_g0 = [
    1    1    1    1     1     1     1    1    1    1  1.11986E-01 0.00342 
];


DETsurface_30_to_surf29_g0E = [
 0.00000E+00  6.25000E-07  3.12500E-07
];

DETsurface_30_to_surf27_g0 = [
    1    1    1    1     1     1     1    1    1    1  1.45980E-01 0.00264 
];


DETsurface_30_to_surf27_g0E = [
 0.00000E+00  6.25000E-07  3.12500E-07
];

DETsurface_28_to_surf30_g0 = [
    1    1    1    1     1     1     1    1    1    1 -1.46244E-01 0.00279 
];


DETsurface_28_to_surf30_g0E = [
 0.00000E+00  6.25000E-07  3.12500E-07
];

DETsurface_28_to_surf28_g0 = [
    1    1    1    1     1     1     1    1    1    1  0.00000E+00 0.00000 
];


DETsurface_28_to_surf28_g0E = [
 0.00000E+00  6.25000E-07  3.12500E-07
];

DETsurface_28_to_surf29_g0 = [
    1    1    1    1     1     1     1    1    1    1  1.46039E-01 0.00264 
];


DETsurface_28_to_surf29_g0E = [
 0.00000E+00  6.25000E-07  3.12500E-07
];

DETsurface_28_to_surf27_g0 = [
    1    1    1    1     1     1     1    1    1    1  1.11578E-01 0.00334 
];


DETsurface_28_to_surf27_g0E = [
 0.00000E+00  6.25000E-07  3.12500E-07
];

DETsurface_29_to_surf30_g0 = [
    1    1    1    1     1     1     1    1    1    1 -1.13082E-01 0.00318 
];


DETsurface_29_to_surf30_g0E = [
 0.00000E+00  6.25000E-07  3.12500E-07
];

DETsurface_29_to_surf28_g0 = [
    1    1    1    1     1     1     1    1    1    1 -1.46099E-01 0.00297 
];


DETsurface_29_to_surf28_g0E = [
 0.00000E+00  6.25000E-07  3.12500E-07
];

DETsurface_29_to_surf29_g0 = [
    1    1    1    1     1     1     1    1    1    1  0.00000E+00 0.00000 
];


DETsurface_29_to_surf29_g0E = [
 0.00000E+00  6.25000E-07  3.12500E-07
];

DETsurface_29_to_surf27_g0 = [
    1    1    1    1     1     1     1    1    1    1  1.46497E-01 0.00294 
];


DETsurface_29_to_surf27_g0E = [
 0.00000E+00  6.25000E-07  3.12500E-07
];

DETsurface_27_to_surf30_g0 = [
    1    1    1    1     1     1     1    1    1    1 -1.45357E-01 0.00290 
];


DETsurface_27_to_surf30_g0E = [
 0.00000E+00  6.25000E-07  3.12500E-07
];

DETsurface_27_to_surf28_g0 = [
    1    1    1    1     1     1     1    1    1    1 -1.11904E-01 0.00331 
];


DETsurface_27_to_surf28_g0E = [
 0.00000E+00  6.25000E-07  3.12500E-07
];

DETsurface_27_to_surf29_g0 = [
    1    1    1    1     1     1     1    1    1    1  1.45806E-01 0.00281 
];


DETsurface_27_to_surf29_g0E = [
 0.00000E+00  6.25000E-07  3.12500E-07
];

DETsurface_27_to_surf27_g0 = [
    1    1    1    1     1     1     1    1    1    1  0.00000E+00 0.00000 
];


DETsurface_27_to_surf27_g0E = [
 0.00000E+00  6.25000E-07  3.12500E-07
];

DETsurface_30_to_surf30_g1 = [
    1    1    1    1     1     1     1    1    1    1  0.00000E+00 0.00000 
];


DETsurface_30_to_surf30_g1E = [
 6.25000E-07  2.00000E+01  1.00000E+01
];

DETsurface_30_to_surf28_g1 = [
    1    1    1    1     1     1     1    1    1    1 -2.00223E+00 0.00106 
];


DETsurface_30_to_surf28_g1E = [
 6.25000E-07  2.00000E+01  1.00000E+01
];

DETsurface_30_to_surf29_g1 = [
    1    1    1    1     1     1     1    1    1    1  2.06484E+00 0.00132 
];


DETsurface_30_to_surf29_g1E = [
 6.25000E-07  2.00000E+01  1.00000E+01
];

