
DETtotal_rate_reg58_g0 = [
    1    1    1    1     1     1     1    1    1    1  1.20946E+00 0.00097 
];


DETtotal_rate_reg58_g0E = [
 0.00000E+00  6.25000E-07  3.12500E-07
];

DETj_in_reg58_g0 = [
    1    1    1    1     1     1     1    1    1    1  2.37631E+00 0.00114 
];


DETj_in_reg58_g0E = [
 0.00000E+00  6.25000E-07  3.12500E-07
];

DETj_out_reg58_g0 = [
    1    1    1    1     1     1     1    1    1    1 -5.34021E-01 0.00159 
];


DETj_out_reg58_g0E = [
 0.00000E+00  6.25000E-07  3.12500E-07
];

DETall_to_reg58_g0 = [
    1    1    1    1     1     1     1    1    1    1  1.00687E+00 0.00098 
];


DETall_to_reg58_g0E = [
 0.00000E+00  6.25000E-07  3.12500E-07
];

DETreg58_to_reg59_g0 = [
    1    1    1    1     1     1     1    1    1    1  1.86882E-01 0.00241 
];


DETreg58_to_reg59_g0E = [
 0.00000E+00  6.25000E-07  3.12500E-07
];

DETreg58_to_surface30_g0 = [
    1    1    1    1     1     1     1    1    1    1 -8.72745E-02 0.00350 
];


DETreg58_to_surface30_g0E = [
 0.00000E+00  6.25000E-07  3.12500E-07
];

DETreg58_to_surface28_g0 = [
    1    1    1    1     1     1     1    1    1    1 -8.68520E-02 0.00344 
];


DETreg58_to_surface28_g0E = [
 0.00000E+00  6.25000E-07  3.12500E-07
];

DETreg58_to_surface29_g0 = [
    1    1    1    1     1     1     1    1    1    1  8.66032E-02 0.00343 
];


DETreg58_to_surface29_g0E = [
 0.00000E+00  6.25000E-07  3.12500E-07
];

DETreg58_to_surface27_g0 = [
    1    1    1    1     1     1     1    1    1    1  8.64089E-02 0.00361 
];


DETreg58_to_surface27_g0E = [
 0.00000E+00  6.25000E-07  3.12500E-07
];

DETtotal_rate_reg58_g1 = [
    1    1    1    1     1     1     1    1    1    1  7.48164E+00 0.00080 
];


DETtotal_rate_reg58_g1E = [
 6.25000E-07  2.00000E+01  1.00000E+01
];

DETj_in_reg58_g1 = [
    1    1    1    1     1     1     1    1    1    1  1.98797E+01 0.00083 
];


DETj_in_reg58_g1E = [
 6.25000E-07  2.00000E+01  1.00000E+01
];

DETj_out_reg58_g1 = [
    1    1    1    1     1     1     1    1    1    1 -6.32087E+00 0.00076 
];


DETj_out_reg58_g1E = [
 6.25000E-07  2.00000E+01  1.00000E+01
];

DETall_to_reg58_g1 = [
    1    1    1    1     1     1     1    1    1    1  5.82784E+00 0.00081 
];


DETall_to_reg58_g1E = [
 6.25000E-07  2.00000E+01  1.00000E+01
];

DETreg58_to_reg59_g1 = [
    1    1    1    1     1     1     1    1    1    1  1.00624E+00 0.00113 
];


DETreg58_to_reg59_g1E = [
 6.25000E-07  2.00000E+01  1.00000E+01
];

DETreg58_to_surface30_g1 = [
    1    1    1    1     1     1     1    1    1    1 -1.32841E+00 0.00117 
];


DETreg58_to_surface30_g1E = [
 6.25000E-07  2.00000E+01  1.00000E+01
];

DETreg58_to_surface28_g1 = [
    1    1    1    1     1     1     1    1    1    1 -1.32768E+00 0.00107 
];


DETreg58_to_surface28_g1E = [
 6.25000E-07  2.00000E+01  1.00000E+01
];

DETreg58_to_surface29_g1 = [
    1    1    1    1     1     1     1    1    1    1  1.32825E+00 0.00113 
];


DETreg58_to_surface29_g1E = [
 6.25000E-07  2.00000E+01  1.00000E+01
];

DETreg58_to_surface27_g1 = [
    1    1    1    1     1     1     1    1    1    1  1.33028E+00 0.00108 
];


DETreg58_to_surface27_g1E = [
 6.25000E-07  2.00000E+01  1.00000E+01
];
