
DETreg59_reg59_g0_to_g0 = [
    1    1    1    1     1     1     1    1    1    1  1.50160E+00 0.00162 
];


DETreg59_reg59_g0_to_g0E = [
 0.00000E+00  6.25000E-07  3.12500E-07
];

DETreg59_reg59_g0_to_g1 = [
    1    1    1    1     1     1     1    1    1    1  1.69898E-03 0.02437 
];


DETreg59_reg59_g0_to_g1E = [
 6.25000E-07  2.00000E+01  1.00000E+01
];

DETreg59_reg59_g1_to_g0 = [
    1    1    1    1     1     1     1    1    1    1  1.55771E-01 0.00227 
];


DETreg59_reg59_g1_to_g0E = [
 0.00000E+00  6.25000E-07  3.12500E-07
];

DETreg59_reg59_g1_to_g1 = [
    1    1    1    1     1     1     1    1    1    1  2.80912E+00 0.00087 
];


DETreg59_reg59_g1_to_g1E = [
 6.25000E-07  2.00000E+01  1.00000E+01
];

DETtotal_rate_reg59_g0 = [
    1    1    1    1     1     1     1    1    1    1  3.95692E+00 0.00127 
];


DETtotal_rate_reg59_g0E = [
 0.00000E+00  6.25000E-07  3.12500E-07
];

DETtotal_rate_reg59_g1 = [
    1    1    1    1     1     1     1    1    1    1  1.28447E+01 0.00069 
];


DETtotal_rate_reg59_g1E = [
 6.25000E-07  2.00000E+01  1.00000E+01
];

DETreg59_reg58_g0_to_g0 = [
    1    1    1    1     1     1     1    1    1    1  3.63286E-01 0.00148 
];


DETreg59_reg58_g0_to_g0E = [
 0.00000E+00  6.25000E-07  3.12500E-07
];

DETreg59_reg58_g0_to_g1 = [
    1    1    1    1     1     1     1    1    1    1  4.70286E-04 0.04641 
];


DETreg59_reg58_g0_to_g1E = [
 6.25000E-07  2.00000E+01  1.00000E+01
];

DETreg59_reg58_g1_to_g0 = [
    1    1    1    1     1     1     1    1    1    1  4.17112E-02 0.00455 
];


DETreg59_reg58_g1_to_g0E = [
 0.00000E+00  6.25000E-07  3.12500E-07
];

DETreg59_reg58_g1_to_g1 = [
    1    1    1    1     1     1     1    1    1    1  1.01848E+00 0.00112 
];


DETreg59_reg58_g1_to_g1E = [
 6.25000E-07  2.00000E+01  1.00000E+01
];

DETreg59_surface30_g0_to_g0 = [
    1    1    1    1     1     1     1    1    1    1 -5.16149E-01 0.00185 
];


DETreg59_surface30_g0_to_g0E = [
 0.00000E+00  6.25000E-07  3.12500E-07
];

DETreg59_surface28_g0_to_g0 = [
    1    1    1    1     1     1     1    1    1    1 -5.17131E-01 0.00177 
];


DETreg59_surface28_g0_to_g0E = [
 0.00000E+00  6.25000E-07  3.12500E-07
];

DETreg59_surface29_g0_to_g0 = [
    1    1    1    1     1     1     1    1    1    1  5.18526E-01 0.00191 
];


DETreg59_surface29_g0_to_g0E = [
 0.00000E+00  6.25000E-07  3.12500E-07
];

DETreg59_surface27_g0_to_g0 = [
    1    1    1    1     1     1     1    1    1    1  5.16140E-01 0.00186 
];


DETreg59_surface27_g0_to_g0E = [
 0.00000E+00  6.25000E-07  3.12500E-07
];

DETreg59_surface30_g0_to_g1 = [
    1    1    1    1     1     1     1    1    1    1 -9.51863E-04 0.03257 
];


DETreg59_surface30_g0_to_g1E = [
 6.25000E-07  2.00000E+01  1.00000E+01
];

DETreg59_surface28_g0_to_g1 = [
    1    1    1    1     1     1     1    1    1    1 -9.45577E-04 0.03219 
];


DETreg59_surface28_g0_to_g1E = [
 6.25000E-07  2.00000E+01  1.00000E+01
];

DETreg59_surface29_g0_to_g1 = [
    1    1    1    1     1     1     1    1    1    1  8.69824E-04 0.03316 
];


DETreg59_surface29_g0_to_g1E = [
 6.25000E-07  2.00000E+01  1.00000E+01
];

DETreg59_surface27_g0_to_g1 = [
    1    1    1    1     1     1     1    1    1    1  9.90381E-04 0.03131 
];


DETreg59_surface27_g0_to_g1E = [
 6.25000E-07  2.00000E+01  1.00000E+01
];

DETreg59_surface30_g1_to_g0 = [
    1    1    1    1     1     1     1    1    1    1 -7.48241E-02 0.00351 
];


DETreg59_surface30_g1_to_g0E = [
 0.00000E+00  6.25000E-07  3.12500E-07
];

DETreg59_surface28_g1_to_g0 = [
    1    1    1    1     1     1     1    1    1    1 -7.47972E-02 0.00351 
];


DETreg59_surface28_g1_to_g0E = [
 0.00000E+00  6.25000E-07  3.12500E-07
];

DETreg59_surface29_g1_to_g0 = [
    1    1    1    1     1     1     1    1    1    1  7.46197E-02 0.00345 
];


DETreg59_surface29_g1_to_g0E = [
 0.00000E+00  6.25000E-07  3.12500E-07
];

DETreg59_surface27_g1_to_g0 = [
    1    1    1    1     1     1     1    1    1    1  7.47729E-02 0.00352 
];


DETreg59_surface27_g1_to_g0E = [
 0.00000E+00  6.25000E-07  3.12500E-07
];

DETreg59_surface30_g1_to_g1 = [
    1    1    1    1     1     1     1    1    1    1 -2.12757E+00 0.00093 
];


DETreg59_surface30_g1_to_g1E = [
 6.25000E-07  2.00000E+01  1.00000E+01
];

DETreg59_surface28_g1_to_g1 = [
    1    1    1    1     1     1     1    1    1    1 -2.12828E+00 0.00094 
];


DETreg59_surface28_g1_to_g1E = [
 6.25000E-07  2.00000E+01  1.00000E+01
];

DETreg59_surface29_g1_to_g1 = [
    1    1    1    1     1     1     1    1    1    1  2.13137E+00 0.00090 
];


DETreg59_surface29_g1_to_g1E = [
 6.25000E-07  2.00000E+01  1.00000E+01
];

DETreg59_surface27_g1_to_g1 = [
    1    1    1    1     1     1     1    1    1    1  2.13017E+00 0.00098 
];


DETreg59_surface27_g1_to_g1E = [
 6.25000E-07  2.00000E+01  1.00000E+01
];
