
DETrfueltotfast = [
    1    1    1    1    1    1    1    1    1    1  7.51360E+00 0.00056 
];


DETrfueltotfastE = [
 6.25000E-07  2.00000E+01  1.00000E+01
];

DETjinfuelfast = [
    1    1    1    1    1    1    1    1    1    1  2.00120E+01 0.00056 
];


DETjinfuelfastE = [
 6.25000E-07  2.00000E+01  1.00000E+01
];

DETrmjinfuelfast = [
    1    1    1    1    1    1    1    1    1    1  5.85136E+00 0.00057 
];


DETrmjinfuelfastE = [
 6.25000E-07  2.00000E+01  1.00000E+01
];

DETjoutfuelfast = [
    1    1    1    1    1    1    1    1    1    1 -6.36838E+00 0.00053 
];


DETjoutfuelfastE = [
 6.25000E-07  2.00000E+01  1.00000E+01
];

DETrfueltomodfast = [
    1    1    1    1    1    1    1    1    1    1  1.01629E+00 0.00075 
];


DETrfueltomodfastE = [
 6.25000E-07  2.00000E+01  1.00000E+01
];

DETrfueltowfast = [
    1    1    1    1    1    1    1    1    1    1  1.33852E+00 0.00077 
];


DETrfueltowfastE = [
 6.25000E-07  2.00000E+01  1.00000E+01
];

DETrfueltoefast = [
    1    1    1    1    1    1    1    1    1    1 -1.33798E+00 0.00071 
];


DETrfueltoefastE = [
 6.25000E-07  2.00000E+01  1.00000E+01
];

DETrfueltosfast = [
    1    1    1    1    1    1    1    1    1    1  1.33769E+00 0.00073 
];


DETrfueltosfastE = [
 6.25000E-07  2.00000E+01  1.00000E+01
];

DETrfueltonfast = [
    1    1    1    1    1    1    1    1    1    1 -1.33789E+00 0.00075 
];


DETrfueltonfastE = [
 6.25000E-07  2.00000E+01  1.00000E+01
];

DETrfueltotthm = [
    1    1    1    1    1    1    1    1    1    1  1.42408E+00 0.00057 
];


DETrfueltotthmE = [
 0.00000E+00  6.25000E-07  3.12500E-07
];

DETjinfuelthm = [
    1    1    1    1    1    1    1    1    1    1  2.94338E+00 0.00067 
];


DETjinfuelthmE = [
 0.00000E+00  6.25000E-07  3.12500E-07
];

DETrmjinfuelthm = [
    1    1    1    1    1    1    1    1    1    1  1.18115E+00 0.00057 
];


DETrmjinfuelthmE = [
 0.00000E+00  6.25000E-07  3.12500E-07
];

DETjoutfuelthm = [
    1    1    1    1    1    1    1    1    1    1 -6.89479E-01 0.00091 
];


DETjoutfuelthmE = [
 0.00000E+00  6.25000E-07  3.12500E-07
];

DETrfueltomodthm = [
    1    1    1    1    1    1    1    1    1    1  2.44773E-01 0.00136 
];


DETrfueltomodthmE = [
 0.00000E+00  6.25000E-07  3.12500E-07
];

DETrfueltowthm = [
    1    1    1    1    1    1    1    1    1    1  1.11077E-01 0.00204 
];


DETrfueltowthmE = [
 0.00000E+00  6.25000E-07  3.12500E-07
];

DETrfueltoethm = [
    1    1    1    1    1    1    1    1    1    1 -1.11195E-01 0.00186 
];


DETrfueltoethmE = [
 0.00000E+00  6.25000E-07  3.12500E-07
];

DETrfueltosthm = [
    1    1    1    1    1    1    1    1    1    1  1.11426E-01 0.00185 
];


DETrfueltosthmE = [
 0.00000E+00  6.25000E-07  3.12500E-07
];

DETrfueltonthm = [
    1    1    1    1    1    1    1    1    1    1 -1.11008E-01 0.00200 
];


DETrfueltonthmE = [
 0.00000E+00  6.25000E-07  3.12500E-07
];
