
DETrfueltotfast = [
    1    1    1    1    1    1    1    1    1    1  7.50060E+00 0.00052 
];


DETrfueltotfastE = [
 6.25000E-07  2.00000E+01  1.00000E+01
];

DETjinfuelfast = [
    1    1    1    1    1    1    1    1    1    1  1.99622E+01 0.00052 
];


DETjinfuelfastE = [
 6.25000E-07  2.00000E+01  1.00000E+01
];

DETrmjinfuelfast = [
    1    1    1    1    1    1    1    1    1    1  5.84222E+00 0.00053 
];


DETrmjinfuelfastE = [
 6.25000E-07  2.00000E+01  1.00000E+01
];

DETjoutfuelfast = [
    1    1    1    1    1    1    1    1    1    1 -6.34741E+00 0.00050 
];


DETjoutfuelfastE = [
 6.25000E-07  2.00000E+01  1.00000E+01
];

DETrfueltomodfast = [
    1    1    1    1    1    1    1    1    1    1  1.01004E+00 0.00076 
];


DETrfueltomodfastE = [
 6.25000E-07  2.00000E+01  1.00000E+01
];

DETrfueltowfast = [
    1    1    1    1    1    1    1    1    1    1  1.33400E+00 0.00069 
];


DETrfueltowfastE = [
 6.25000E-07  2.00000E+01  1.00000E+01
];

DETrfueltoefast = [
    1    1    1    1    1    1    1    1    1    1 -1.33553E+00 0.00072 
];


DETrfueltoefastE = [
 6.25000E-07  2.00000E+01  1.00000E+01
];

DETrfueltosfast = [
    1    1    1    1    1    1    1    1    1    1  1.33370E+00 0.00073 
];


DETrfueltosfastE = [
 6.25000E-07  2.00000E+01  1.00000E+01
];

DETrfueltonfast = [
    1    1    1    1    1    1    1    1    1    1 -1.33414E+00 0.00067 
];


DETrfueltonfastE = [
 6.25000E-07  2.00000E+01  1.00000E+01
];

DETrfueltotthm = [
    1    1    1    1    1    1    1    1    1    1  1.30657E+00 0.00059 
];


DETrfueltotthmE = [
 0.00000E+00  6.25000E-07  3.12500E-07
];

DETjinfuelthm = [
    1    1    1    1    1    1    1    1    1    1  2.63122E+00 0.00072 
];


DETjinfuelthmE = [
 0.00000E+00  6.25000E-07  3.12500E-07
];

DETrmjinfuelthm = [
    1    1    1    1    1    1    1    1    1    1  1.08564E+00 0.00059 
];


DETrmjinfuelthmE = [
 0.00000E+00  6.25000E-07  3.12500E-07
];

DETjoutfuelthm = [
    1    1    1    1    1    1    1    1    1    1 -6.03175E-01 0.00095 
];


DETjoutfuelthmE = [
 0.00000E+00  6.25000E-07  3.12500E-07
];

DETrfueltomodthm = [
    1    1    1    1    1    1    1    1    1    1  2.12678E-01 0.00141 
];


DETrfueltomodthmE = [
 0.00000E+00  6.25000E-07  3.12500E-07
];

DETrfueltowthm = [
    1    1    1    1    1    1    1    1    1    1  9.76537E-02 0.00211 
];


DETrfueltowthmE = [
 0.00000E+00  6.25000E-07  3.12500E-07
];

DETrfueltoethm = [
    1    1    1    1    1    1    1    1    1    1 -9.74138E-02 0.00206 
];


DETrfueltoethmE = [
 0.00000E+00  6.25000E-07  3.12500E-07
];

DETrfueltosthm = [
    1    1    1    1    1    1    1    1    1    1  9.75087E-02 0.00220 
];


DETrfueltosthmE = [
 0.00000E+00  6.25000E-07  3.12500E-07
];

DETrfueltonthm = [
    1    1    1    1    1    1    1    1    1    1 -9.79215E-02 0.00203 
];


DETrfueltonthmE = [
 0.00000E+00  6.25000E-07  3.12500E-07
];
