
DETmodtt = [
    1    1    1    1    1    1    1    1    1    1  2.62731E+00 0.00140 
];


DETmodttE = [
 0.00000E+00  6.25000E-07  3.12500E-07
];

DETmodft = [
    1    1    1    1    1    1    1    1    1    1  1.74083E-01 0.00212 
];


DETmodftE = [
 0.00000E+00  6.25000E-07  3.12500E-07
];

DETmodff = [
    1    1    1    1    1    1    1    1    1    1  2.88664E+00 0.00097 
];


DETmodffE = [
 6.25000E-07  2.00000E+01  1.00000E+01
];

DETmodtf = [
    1    1    1    1    1    1    1    1    1    1  1.87247E-03 0.02380 
];


DETmodtfE = [
 6.25000E-07  2.00000E+01  1.00000E+01
];

DETmodtotfast = [
    1    1    1    1    1    1    1    1    1    1  1.31941E+01 0.00077 
];


DETmodtotfastE = [
 6.25000E-07  2.00000E+01  1.00000E+01
];

DETmodtotthm = [
    1    1    1    1    1    1    1    1    1    1  6.73308E+00 0.00118 
];


DETmodtotthmE = [
 0.00000E+00  6.25000E-07  3.12500E-07
];

DETrmodelafastfastf = [
    1    1    1    1    1    1    1    1    1    1  1.03378E+00 0.00117 
];


DETrmodelafastfastfE = [
 6.25000E-07  2.00000E+01  1.00000E+01
];

DETrmodelathmfastf = [
    1    1    1    1    1    1    1    1    1    1  4.94594E-04 0.04828 
];


DETrmodelathmfastfE = [
 6.25000E-07  2.00000E+01  1.00000E+01
];

DETrmodelafastfastw = [
    1    1    1    1    1    1    1    1    1    1  2.17984E+00 0.00096 
];


DETrmodelafastfastwE = [
 6.25000E-07  2.00000E+01  1.00000E+01
];

DETrmodelathmfastw = [
    1    1    1    1    1    1    1    1    1    1  1.13742E-03 0.03280 
];


DETrmodelathmfastwE = [
 6.25000E-07  2.00000E+01  1.00000E+01
];

DETrmodelafastfaste = [
    1    1    1    1    1    1    1    1    1    1 -2.17930E+00 0.00096 
];


DETrmodelafastfasteE = [
 6.25000E-07  2.00000E+01  1.00000E+01
];

DETrmodelathmfaste = [
    1    1    1    1    1    1    1    1    1    1 -1.08149E-03 0.03168 
];


DETrmodelathmfasteE = [
 6.25000E-07  2.00000E+01  1.00000E+01
];

DETrmodelafastfasts = [
    1    1    1    1    1    1    1    1    1    1  2.18088E+00 0.00098 
];


DETrmodelafastfastsE = [
 6.25000E-07  2.00000E+01  1.00000E+01
];

DETrmodelathmfasts = [
    1    1    1    1    1    1    1    1    1    1  1.11049E-03 0.02888 
];


DETrmodelathmfastsE = [
 6.25000E-07  2.00000E+01  1.00000E+01
];

DETrmodelafastfastn = [
    1    1    1    1    1    1    1    1    1    1 -2.18024E+00 0.00101 
];


DETrmodelafastfastnE = [
 6.25000E-07  2.00000E+01  1.00000E+01
];

DETrmodelathmfastn = [
    1    1    1    1    1    1    1    1    1    1 -1.01700E-03 0.02958 
];


DETrmodelathmfastnE = [
 6.25000E-07  2.00000E+01  1.00000E+01
];

DETrmodelathmthmf = [
    1    1    1    1    1    1    1    1    1    1  5.38289E-01 0.00132 
];


DETrmodelathmthmfE = [
 0.00000E+00  6.25000E-07  3.12500E-07
];

DETrmodelafastthmf = [
    1    1    1    1    1    1    1    1    1    1  4.11331E-02 0.00478 
];


DETrmodelafastthmfE = [
 0.00000E+00  6.25000E-07  3.12500E-07
];

DETrmodelathmthmw = [
    1    1    1    1    1    1    1    1    1    1  8.82657E-01 0.00158 
];


DETrmodelathmthmwE = [
 0.00000E+00  6.25000E-07  3.12500E-07
];

DETrmodelafastthmw = [
    1    1    1    1    1    1    1    1    1    1  8.35271E-02 0.00318 
];


DETrmodelafastthmwE = [
 0.00000E+00  6.25000E-07  3.12500E-07
];

DETrmodelathmthme = [
    1    1    1    1    1    1    1    1    1    1 -8.80787E-01 0.00159 
];


DETrmodelathmthmeE = [
 0.00000E+00  6.25000E-07  3.12500E-07
];

DETrmodelafastthme = [
    1    1    1    1    1    1    1    1    1    1 -8.34381E-02 0.00321 
];


DETrmodelafastthmeE = [
 0.00000E+00  6.25000E-07  3.12500E-07
];

DETrmodelathmthms = [
    1    1    1    1    1    1    1    1    1    1  8.83463E-01 0.00164 
];


DETrmodelathmthmsE = [
 0.00000E+00  6.25000E-07  3.12500E-07
];

DETrmodelafastthms = [
    1    1    1    1    1    1    1    1    1    1  8.27446E-02 0.00326 
];


DETrmodelafastthmsE = [
 0.00000E+00  6.25000E-07  3.12500E-07
];

DETrmodelathmthmn = [
    1    1    1    1    1    1    1    1    1    1 -8.82226E-01 0.00153 
];


DETrmodelathmthmnE = [
 0.00000E+00  6.25000E-07  3.12500E-07
];

DETrmodelafastthmn = [
    1    1    1    1    1    1    1    1    1    1 -8.32574E-02 0.00340 
];


DETrmodelafastthmnE = [
 0.00000E+00  6.25000E-07  3.12500E-07
];
