
DETrfueltotfast = [
    1    1    1    1    1    1    1    1    1    1  7.56005E+00 0.00053 
];


DETrfueltotfastE = [
 6.25000E-07  2.00000E+01  1.00000E+01
];

DETjinfuelfast = [
    1    1    1    1    1    1    1    1    1    1  2.01735E+01 0.00054 
];


DETjinfuelfastE = [
 6.25000E-07  2.00000E+01  1.00000E+01
];

DETrmjinfuelfast = [
    1    1    1    1    1    1    1    1    1    1  5.88462E+00 0.00053 
];


DETrmjinfuelfastE = [
 6.25000E-07  2.00000E+01  1.00000E+01
];

DETjoutfuelfast = [
    1    1    1    1    1    1    1    1    1    1 -6.42768E+00 0.00051 
];


DETjoutfuelfastE = [
 6.25000E-07  2.00000E+01  1.00000E+01
];

DETrfueltomodfast = [
    1    1    1    1    1    1    1    1    1    1  1.03117E+00 0.00073 
];


DETrfueltomodfastE = [
 6.25000E-07  2.00000E+01  1.00000E+01
];

DETrfueltowfast = [
    1    1    1    1    1    1    1    1    1    1  1.34881E+00 0.00066 
];


DETrfueltowfastE = [
 6.25000E-07  2.00000E+01  1.00000E+01
];

DETrfueltoefast = [
    1    1    1    1    1    1    1    1    1    1 -1.34954E+00 0.00071 
];


DETrfueltoefastE = [
 6.25000E-07  2.00000E+01  1.00000E+01
];

DETrfueltosfast = [
    1    1    1    1    1    1    1    1    1    1  1.34875E+00 0.00070 
];


DETrfueltosfastE = [
 6.25000E-07  2.00000E+01  1.00000E+01
];

DETrfueltonfast = [
    1    1    1    1    1    1    1    1    1    1 -1.34939E+00 0.00074 
];


DETrfueltonfastE = [
 6.25000E-07  2.00000E+01  1.00000E+01
];

DETrfueltotthm = [
    1    1    1    1    1    1    1    1    1    1  1.75986E+00 0.00052 
];


DETrfueltotthmE = [
 0.00000E+00  6.25000E-07  3.12500E-07
];

DETjinfuelthm = [
    1    1    1    1    1    1    1    1    1    1  3.85516E+00 0.00062 
];


DETjinfuelthmE = [
 0.00000E+00  6.25000E-07  3.12500E-07
];

DETrmjinfuelthm = [
    1    1    1    1    1    1    1    1    1    1  1.45306E+00 0.00052 
];


DETrmjinfuelthmE = [
 0.00000E+00  6.25000E-07  3.12500E-07
];

DETjoutfuelthm = [
    1    1    1    1    1    1    1    1    1    1 -9.43614E-01 0.00079 
];


DETjoutfuelthmE = [
 0.00000E+00  6.25000E-07  3.12500E-07
];

DETrfueltomodthm = [
    1    1    1    1    1    1    1    1    1    1  3.41816E-01 0.00114 
];


DETrfueltomodthmE = [
 0.00000E+00  6.25000E-07  3.12500E-07
];

DETrfueltowthm = [
    1    1    1    1    1    1    1    1    1    1  1.50292E-01 0.00176 
];


DETrfueltowthmE = [
 0.00000E+00  6.25000E-07  3.12500E-07
];

DETrfueltoethm = [
    1    1    1    1    1    1    1    1    1    1 -1.50591E-01 0.00172 
];


DETrfueltoethmE = [
 0.00000E+00  6.25000E-07  3.12500E-07
];

DETrfueltosthm = [
    1    1    1    1    1    1    1    1    1    1  1.50833E-01 0.00173 
];


DETrfueltosthmE = [
 0.00000E+00  6.25000E-07  3.12500E-07
];

DETrfueltonthm = [
    1    1    1    1    1    1    1    1    1    1 -1.50083E-01 0.00175 
];


DETrfueltonthmE = [
 0.00000E+00  6.25000E-07  3.12500E-07
];
