
DETmodtt = [
    1    1    1    1    1    1    1    1    1    1  2.31245E+00 0.00149 
];


DETmodttE = [
 0.00000E+00  6.25000E-07  3.12500E-07
];

DETmodft = [
    1    1    1    1    1    1    1    1    1    1  1.69833E-01 0.00216 
];


DETmodftE = [
 0.00000E+00  6.25000E-07  3.12500E-07
];

DETmodff = [
    1    1    1    1    1    1    1    1    1    1  2.87397E+00 0.00096 
];


DETmodffE = [
 6.25000E-07  2.00000E+01  1.00000E+01
];

DETmodtf = [
    1    1    1    1    1    1    1    1    1    1  1.89589E-03 0.02264 
];


DETmodtfE = [
 6.25000E-07  2.00000E+01  1.00000E+01
];

DETmodtotfast = [
    1    1    1    1    1    1    1    1    1    1  1.31260E+01 0.00076 
];


DETmodtotfastE = [
 6.25000E-07  2.00000E+01  1.00000E+01
];

DETmodtotthm = [
    1    1    1    1    1    1    1    1    1    1  5.96414E+00 0.00126 
];


DETmodtotthmE = [
 0.00000E+00  6.25000E-07  3.12500E-07
];

DETrmodelafastfastf = [
    1    1    1    1    1    1    1    1    1    1  1.02880E+00 0.00121 
];


DETrmodelafastfastfE = [
 6.25000E-07  2.00000E+01  1.00000E+01
];

DETrmodelathmfastf = [
    1    1    1    1    1    1    1    1    1    1  5.00173E-04 0.04578 
];


DETrmodelathmfastfE = [
 6.25000E-07  2.00000E+01  1.00000E+01
];

DETrmodelafastfastw = [
    1    1    1    1    1    1    1    1    1    1  2.16869E+00 0.00098 
];


DETrmodelafastfastwE = [
 6.25000E-07  2.00000E+01  1.00000E+01
];

DETrmodelathmfastw = [
    1    1    1    1    1    1    1    1    1    1  1.01057E-03 0.03276 
];


DETrmodelathmfastwE = [
 6.25000E-07  2.00000E+01  1.00000E+01
];

DETrmodelafastfaste = [
    1    1    1    1    1    1    1    1    1    1 -2.17409E+00 0.00094 
];


DETrmodelafastfasteE = [
 6.25000E-07  2.00000E+01  1.00000E+01
];

DETrmodelathmfaste = [
    1    1    1    1    1    1    1    1    1    1 -1.13468E-03 0.03116 
];


DETrmodelathmfasteE = [
 6.25000E-07  2.00000E+01  1.00000E+01
];

DETrmodelafastfasts = [
    1    1    1    1    1    1    1    1    1    1  2.17034E+00 0.00097 
];


DETrmodelafastfastsE = [
 6.25000E-07  2.00000E+01  1.00000E+01
];

DETrmodelathmfasts = [
    1    1    1    1    1    1    1    1    1    1  1.12476E-03 0.03051 
];


DETrmodelathmfastsE = [
 6.25000E-07  2.00000E+01  1.00000E+01
];

DETrmodelafastfastn = [
    1    1    1    1    1    1    1    1    1    1 -2.16713E+00 0.00098 
];


DETrmodelafastfastnE = [
 6.25000E-07  2.00000E+01  1.00000E+01
];

DETrmodelathmfastn = [
    1    1    1    1    1    1    1    1    1    1 -1.05456E-03 0.03104 
];


DETrmodelathmfastnE = [
 6.25000E-07  2.00000E+01  1.00000E+01
];

DETrmodelathmthmf = [
    1    1    1    1    1    1    1    1    1    1  4.92057E-01 0.00141 
];


DETrmodelathmthmfE = [
 0.00000E+00  6.25000E-07  3.12500E-07
];

DETrmodelafastthmf = [
    1    1    1    1    1    1    1    1    1    1  4.12986E-02 0.00478 
];


DETrmodelafastthmfE = [
 0.00000E+00  6.25000E-07  3.12500E-07
];

DETrmodelathmthmw = [
    1    1    1    1    1    1    1    1    1    1  7.81575E-01 0.00168 
];


DETrmodelathmthmwE = [
 0.00000E+00  6.25000E-07  3.12500E-07
];

DETrmodelafastthmw = [
    1    1    1    1    1    1    1    1    1    1  8.21300E-02 0.00339 
];


DETrmodelafastthmwE = [
 0.00000E+00  6.25000E-07  3.12500E-07
];

DETrmodelathmthme = [
    1    1    1    1    1    1    1    1    1    1 -7.80432E-01 0.00167 
];


DETrmodelathmthmeE = [
 0.00000E+00  6.25000E-07  3.12500E-07
];

DETrmodelafastthme = [
    1    1    1    1    1    1    1    1    1    1 -8.18365E-02 0.00337 
];


DETrmodelafastthmeE = [
 0.00000E+00  6.25000E-07  3.12500E-07
];

DETrmodelathmthms = [
    1    1    1    1    1    1    1    1    1    1  7.81949E-01 0.00170 
];


DETrmodelathmthmsE = [
 0.00000E+00  6.25000E-07  3.12500E-07
];

DETrmodelafastthms = [
    1    1    1    1    1    1    1    1    1    1  8.16062E-02 0.00349 
];


DETrmodelafastthmsE = [
 0.00000E+00  6.25000E-07  3.12500E-07
];

DETrmodelathmthmn = [
    1    1    1    1    1    1    1    1    1    1 -7.81022E-01 0.00164 
];


DETrmodelathmthmnE = [
 0.00000E+00  6.25000E-07  3.12500E-07
];

DETrmodelafastthmn = [
    1    1    1    1    1    1    1    1    1    1 -8.12406E-02 0.00336 
];


DETrmodelafastthmnE = [
 0.00000E+00  6.25000E-07  3.12500E-07
];
