
DETjinwestfast = [
    1    1    1    1    1    1    1    1    1    1 -9.58228E+00 0.00087 
];


DETjinwestfastE = [
 6.25000E-07  2.00000E+01  1.00000E+01
];

DETjineastfast = [
    1    1    1    1    1    1    1    1    1    1  9.58321E+00 0.00087 
];


DETjineastfastE = [
 6.25000E-07  2.00000E+01  1.00000E+01
];

DETjinsouthfast = [
    1    1    1    1    1    1    1    1    1    1 -9.58432E+00 0.00092 
];


DETjinsouthfastE = [
 6.25000E-07  2.00000E+01  1.00000E+01
];

DETjinnorthfast = [
    1    1    1    1    1    1    1    1    1    1  9.58052E+00 0.00092 
];


DETjinnorthfastE = [
 6.25000E-07  2.00000E+01  1.00000E+01
];

DETwestmodfast = [
    1    1    1    1    1    1    1    1    1    1  2.28264E+00 0.00095 
];


DETwestmodfastE = [
 6.25000E-07  2.00000E+01  1.00000E+01
];

DETeastmodfast = [
    1    1    1    1    1    1    1    1    1    1  2.28086E+00 0.00099 
];


DETeastmodfastE = [
 6.25000E-07  2.00000E+01  1.00000E+01
];

DETsouthmodfast = [
    1    1    1    1    1    1    1    1    1    1  2.28614E+00 0.00096 
];


DETsouthmodfastE = [
 6.25000E-07  2.00000E+01  1.00000E+01
];

DETnorthmodfast = [
    1    1    1    1    1    1    1    1    1    1  2.28274E+00 0.00097 
];


DETnorthmodfastE = [
 6.25000E-07  2.00000E+01  1.00000E+01
];

DETwestfuelfast = [
    1    1    1    1    1    1    1    1    1    1  1.20488E+00 0.00122 
];


DETwestfuelfastE = [
 6.25000E-07  2.00000E+01  1.00000E+01
];

DETeastfuelfast = [
    1    1    1    1    1    1    1    1    1    1  1.20749E+00 0.00117 
];


DETeastfuelfastE = [
 6.25000E-07  2.00000E+01  1.00000E+01
];

DETsouthfuelfast = [
    1    1    1    1    1    1    1    1    1    1  1.20646E+00 0.00119 
];


DETsouthfuelfastE = [
 6.25000E-07  2.00000E+01  1.00000E+01
];

DETnorthfuelfast = [
    1    1    1    1    1    1    1    1    1    1  1.20517E+00 0.00118 
];


DETnorthfuelfastE = [
 6.25000E-07  2.00000E+01  1.00000E+01
];

DETwesteastfast = [
    1    1    1    1    1    1    1    1    1    1 -2.07572E+00 0.00129 
];


DETwesteastfastE = [
 6.25000E-07  2.00000E+01  1.00000E+01
];

DETwestsouthfast = [
    1    1    1    1    1    1    1    1    1    1  2.00908E+00 0.00115 
];


DETwestsouthfastE = [
 6.25000E-07  2.00000E+01  1.00000E+01
];

DETwestnorthfast = [
    1    1    1    1    1    1    1    1    1    1 -2.00994E+00 0.00114 
];


DETwestnorthfastE = [
 6.25000E-07  2.00000E+01  1.00000E+01
];

DETeastwestfast = [
    1    1    1    1    1    1    1    1    1    1  2.07517E+00 0.00127 
];


DETeastwestfastE = [
 6.25000E-07  2.00000E+01  1.00000E+01
];

DETeastsouthfast = [
    1    1    1    1    1    1    1    1    1    1  2.01117E+00 0.00112 
];


DETeastsouthfastE = [
 6.25000E-07  2.00000E+01  1.00000E+01
];

DETeastnorthfast = [
    1    1    1    1    1    1    1    1    1    1 -2.00848E+00 0.00113 
];


DETeastnorthfastE = [
 6.25000E-07  2.00000E+01  1.00000E+01
];

DETsouthwestfast = [
    1    1    1    1    1    1    1    1    1    1  2.01161E+00 0.00111 
];


DETsouthwestfastE = [
 6.25000E-07  2.00000E+01  1.00000E+01
];

DETsoutheastfast = [
    1    1    1    1    1    1    1    1    1    1 -2.00699E+00 0.00115 
];


DETsoutheastfastE = [
 6.25000E-07  2.00000E+01  1.00000E+01
];

DETsouthnorthfast = [
    1    1    1    1    1    1    1    1    1    1 -2.07309E+00 0.00145 
];


DETsouthnorthfastE = [
 6.25000E-07  2.00000E+01  1.00000E+01
];

DETnorthwestfast = [
    1    1    1    1    1    1    1    1    1    1  2.00947E+00 0.00115 
];


DETnorthwestfastE = [
 6.25000E-07  2.00000E+01  1.00000E+01
];

DETnortheastfast = [
    1    1    1    1    1    1    1    1    1    1 -2.01194E+00 0.00111 
];


DETnortheastfastE = [
 6.25000E-07  2.00000E+01  1.00000E+01
];

DETnorthsouthfast = [
    1    1    1    1    1    1    1    1    1    1  2.07117E+00 0.00142 
];


DETnorthsouthfastE = [
 6.25000E-07  2.00000E+01  1.00000E+01
];

DETjinwestthm = [
    1    1    1    1    1    1    1    1    1    1 -1.35069E+00 0.00135 
];


DETjinwestthmE = [
 0.00000E+00  6.25000E-07  3.12500E-07
];

DETjineastthm = [
    1    1    1    1    1    1    1    1    1    1  1.35037E+00 0.00134 
];


DETjineastthmE = [
 0.00000E+00  6.25000E-07  3.12500E-07
];

DETjinsouththm = [
    1    1    1    1    1    1    1    1    1    1 -1.35088E+00 0.00129 
];


DETjinsouththmE = [
 0.00000E+00  6.25000E-07  3.12500E-07
];

DETjinnorththm = [
    1    1    1    1    1    1    1    1    1    1  1.34955E+00 0.00127 
];


DETjinnorththmE = [
 0.00000E+00  6.25000E-07  3.12500E-07
];

DETwestmodthm = [
    1    1    1    1    1    1    1    1    1    1  6.69116E-01 0.00169 
];


DETwestmodthmE = [
 0.00000E+00  6.25000E-07  3.12500E-07
];

DETeastmodthm = [
    1    1    1    1    1    1    1    1    1    1  6.67748E-01 0.00169 
];


DETeastmodthmE = [
 0.00000E+00  6.25000E-07  3.12500E-07
];

DETsouthmodthm = [
    1    1    1    1    1    1    1    1    1    1  6.68628E-01 0.00165 
];


DETsouthmodthmE = [
 0.00000E+00  6.25000E-07  3.12500E-07
];

DETnorthmodthm = [
    1    1    1    1    1    1    1    1    1    1  6.67383E-01 0.00164 
];


DETnorthmodthmE = [
 0.00000E+00  6.25000E-07  3.12500E-07
];

DETwestfuelthm = [
    1    1    1    1    1    1    1    1    1    1  1.77108E-01 0.00248 
];


DETwestfuelthmE = [
 0.00000E+00  6.25000E-07  3.12500E-07
];

DETeastfuelthm = [
    1    1    1    1    1    1    1    1    1    1  1.77407E-01 0.00231 
];


DETeastfuelthmE = [
 0.00000E+00  6.25000E-07  3.12500E-07
];

DETsouthfuelthm = [
    1    1    1    1    1    1    1    1    1    1  1.76577E-01 0.00233 
];


DETsouthfuelthmE = [
 0.00000E+00  6.25000E-07  3.12500E-07
];

DETnorthfuelthm = [
    1    1    1    1    1    1    1    1    1    1  1.76913E-01 0.00230 
];


DETnorthfuelthmE = [
 0.00000E+00  6.25000E-07  3.12500E-07
];

DETwesteastthm = [
    1    1    1    1    1    1    1    1    1    1 -1.42582E-01 0.00305 
];


DETwesteastthmE = [
 0.00000E+00  6.25000E-07  3.12500E-07
];

DETwestsouththm = [
    1    1    1    1    1    1    1    1    1    1  1.81093E-01 0.00251 
];


DETwestsouththmE = [
 0.00000E+00  6.25000E-07  3.12500E-07
];

DETwestnorththm = [
    1    1    1    1    1    1    1    1    1    1 -1.80787E-01 0.00252 
];


DETwestnorththmE = [
 0.00000E+00  6.25000E-07  3.12500E-07
];

DETeastwestthm = [
    1    1    1    1    1    1    1    1    1    1  1.42721E-01 0.00311 
];


DETeastwestthmE = [
 0.00000E+00  6.25000E-07  3.12500E-07
];

DETeastsouththm = [
    1    1    1    1    1    1    1    1    1    1  1.81714E-01 0.00242 
];


DETeastsouththmE = [
 0.00000E+00  6.25000E-07  3.12500E-07
];

DETeastnorththm = [
    1    1    1    1    1    1    1    1    1    1 -1.80779E-01 0.00244 
];


DETeastnorththmE = [
 0.00000E+00  6.25000E-07  3.12500E-07
];

DETsouthwestthm = [
    1    1    1    1    1    1    1    1    1    1  1.81698E-01 0.00257 
];


DETsouthwestthmE = [
 0.00000E+00  6.25000E-07  3.12500E-07
];

DETsoutheastthm = [
    1    1    1    1    1    1    1    1    1    1 -1.81097E-01 0.00252 
];


DETsoutheastthmE = [
 0.00000E+00  6.25000E-07  3.12500E-07
];

DETsouthnorththm = [
    1    1    1    1    1    1    1    1    1    1 -1.42879E-01 0.00294 
];


DETsouthnorththmE = [
 0.00000E+00  6.25000E-07  3.12500E-07
];

DETnorthwestthm = [
    1    1    1    1    1    1    1    1    1    1  1.81464E-01 0.00246 
];


DETnorthwestthmE = [
 0.00000E+00  6.25000E-07  3.12500E-07
];

DETnortheastthm = [
    1    1    1    1    1    1    1    1    1    1 -1.81143E-01 0.00246 
];


DETnortheastthmE = [
 0.00000E+00  6.25000E-07  3.12500E-07
];

DETnorthsouththm = [
    1    1    1    1    1    1    1    1    1    1  1.42648E-01 0.00293 
];


DETnorthsouththmE = [
 0.00000E+00  6.25000E-07  3.12500E-07
];
