
DETtotal_rate_fuel_g0 = [
    1    1    1    1     1     1     1    1    1    1  1.75715E+00 0.00086 
];


DETtotal_rate_fuel_g0E = [
 0.00000E+00  6.25000E-07  3.12500E-07
];

DETj_in_fuel_g0 = [
    1    1    1    1     1     1     1    1    1    1  3.85876E+00 0.00099 
];


DETj_in_fuel_g0E = [
 0.00000E+00  6.25000E-07  3.12500E-07
];

DETj_out_fuel_g0 = [
    1    1    1    1     1     1     1    1    1    1 -9.42725E-01 0.00126 
];


DETj_out_fuel_g0E = [
 0.00000E+00  6.25000E-07  3.12500E-07
];

DETsurface_coolant_to_fuel_g0 = [
    1    1    1    1     1     1     1    1    1    1  1.45159E+00 0.00087 
];


DETsurface_coolant_to_fuel_g0E = [
 0.00000E+00  6.25000E-07  3.12500E-07
];

DETfuel_to_coolant_g0 = [
    1    1    1    1     1     1     1    1    1    1  3.42109E-01 0.00185 
];


DETfuel_to_coolant_g0E = [
 0.00000E+00  6.25000E-07  3.12500E-07
];

DETfuel_to_surface-6_g0 = [
    1    1    1    1     1     1     1    1    1    1 -1.49850E-01 0.00260 
];


DETfuel_to_surface-6_g0E = [
 0.00000E+00  6.25000E-07  3.12500E-07
];

DETfuel_to_surface-4_g0 = [
    1    1    1    1     1     1     1    1    1    1 -1.50586E-01 0.00259 
];


DETfuel_to_surface-4_g0E = [
 0.00000E+00  6.25000E-07  3.12500E-07
];

DETfuel_to_surface-5_g0 = [
    1    1    1    1     1     1     1    1    1    1  1.50005E-01 0.00265 
];


DETfuel_to_surface-5_g0E = [
 0.00000E+00  6.25000E-07  3.12500E-07
];

DETfuel_to_surface-3_g0 = [
    1    1    1    1     1     1     1    1    1    1  1.50176E-01 0.00278 
];


DETfuel_to_surface-3_g0E = [
 0.00000E+00  6.25000E-07  3.12500E-07
];

DETtotal_rate_fuel_g1 = [
    1    1    1    1     1     1     1    1    1    1  7.57274E+00 0.00087 
];


DETtotal_rate_fuel_g1E = [
 6.25000E-07  2.00000E+01  1.00000E+01
];

DETj_in_fuel_g1 = [
    1    1    1    1     1     1     1    1    1    1  2.02139E+01 0.00086 
];


DETj_in_fuel_g1E = [
 6.25000E-07  2.00000E+01  1.00000E+01
];

DETj_out_fuel_g1 = [
    1    1    1    1     1     1     1    1    1    1 -6.43808E+00 0.00083 
];


DETj_out_fuel_g1E = [
 6.25000E-07  2.00000E+01  1.00000E+01
];

DETsurface_coolant_to_fuel_g1 = [
    1    1    1    1     1     1     1    1    1    1  5.89539E+00 0.00088 
];


DETsurface_coolant_to_fuel_g1E = [
 6.25000E-07  2.00000E+01  1.00000E+01
];

DETfuel_to_coolant_g1 = [
    1    1    1    1     1     1     1    1    1    1  1.03065E+00 0.00124 
];


DETfuel_to_coolant_g1E = [
 6.25000E-07  2.00000E+01  1.00000E+01
];

DETfuel_to_surface-6_g1 = [
    1    1    1    1     1     1     1    1    1    1 -1.35228E+00 0.00117 
];


DETfuel_to_surface-6_g1E = [
 6.25000E-07  2.00000E+01  1.00000E+01
];

DETfuel_to_surface-4_g1 = [
    1    1    1    1     1     1     1    1    1    1 -1.35289E+00 0.00113 
];


DETfuel_to_surface-4_g1E = [
 6.25000E-07  2.00000E+01  1.00000E+01
];

DETfuel_to_surface-5_g1 = [
    1    1    1    1     1     1     1    1    1    1  1.35137E+00 0.00112 
];


DETfuel_to_surface-5_g1E = [
 6.25000E-07  2.00000E+01  1.00000E+01
];

DETfuel_to_surface-3_g1 = [
    1    1    1    1     1     1     1    1    1    1  1.35088E+00 0.00119 
];


DETfuel_to_surface-3_g1E = [
 6.25000E-07  2.00000E+01  1.00000E+01
];

DETcoolant_coolant_g0_to_g0 = [
    1    1    1    1     1     1     1    1    1    1  2.76166E+00 0.00142 
];


DETcoolant_coolant_g0_to_g0E = [
 0.00000E+00  6.25000E-07  3.12500E-07
];

DETcoolant_fuel_g0_to_g0 = [
    1    1    1    1     1     1     1    1    1    1  6.56076E-01 0.00136 
];


DETcoolant_fuel_g0_to_g0E = [
 0.00000E+00  6.25000E-07  3.12500E-07
];

DETcoolant_surface6_g0_to_g0 = [
    1    1    1    1     1     1     1    1    1    1 -9.37927E-01 0.00150 
];


DETcoolant_surface6_g0_to_g0E = [
 0.00000E+00  6.25000E-07  3.12500E-07
];

DETcoolant_surface4_g0_to_g0 = [
    1    1    1    1     1     1     1    1    1    1 -9.38362E-01 0.00155 
];


DETcoolant_surface4_g0_to_g0E = [
 0.00000E+00  6.25000E-07  3.12500E-07
];

DETcoolant_surface5_g0_to_g0 = [
    1    1    1    1     1     1     1    1    1    1  9.38061E-01 0.00152 
];


DETcoolant_surface5_g0_to_g0E = [
 0.00000E+00  6.25000E-07  3.12500E-07
];

DETcoolant_surface3_g0_to_g0 = [
    1    1    1    1     1     1     1    1    1    1  9.38636E-01 0.00147 
];


DETcoolant_surface3_g0_to_g0E = [
 0.00000E+00  6.25000E-07  3.12500E-07
];

DETcoolant_coolant_g0_to_g1 = [
    1    1    1    1     1     1     1    1    1    1  2.26490E-03 0.02152 
];


DETcoolant_coolant_g0_to_g1E = [
 6.25000E-07  2.00000E+01  1.00000E+01
];

DETcoolant_fuel_g0_to_g1 = [
    1    1    1    1     1     1     1    1    1    1  7.32486E-04 0.03832 
];


DETcoolant_fuel_g0_to_g1E = [
 6.25000E-07  2.00000E+01  1.00000E+01
];

DETcoolant_surface6_g0_to_g1 = [
    1    1    1    1     1     1     1    1    1    1 -1.27899E-03 0.02704 
];


DETcoolant_surface6_g0_to_g1E = [
 6.25000E-07  2.00000E+01  1.00000E+01
];

DETcoolant_surface4_g0_to_g1 = [
    1    1    1    1     1     1     1    1    1    1 -1.27697E-03 0.02752 
];


DETcoolant_surface4_g0_to_g1E = [
 6.25000E-07  2.00000E+01  1.00000E+01
];

DETcoolant_surface5_g0_to_g1 = [
    1    1    1    1     1     1     1    1    1    1  1.32002E-03 0.02771 
];


DETcoolant_surface5_g0_to_g1E = [
 6.25000E-07  2.00000E+01  1.00000E+01
];

DETcoolant_surface3_g0_to_g1 = [
    1    1    1    1     1     1     1    1    1    1  1.25048E-03 0.02809 
];


DETcoolant_surface3_g0_to_g1E = [
 6.25000E-07  2.00000E+01  1.00000E+01
];

DETcoolant_coolant_g1_to_g0 = [
    1    1    1    1     1     1     1    1    1    1  1.73929E-01 0.00219 
];


DETcoolant_coolant_g1_to_g0E = [
 0.00000E+00  6.25000E-07  3.12500E-07
];

DETcoolant_fuel_g1_to_g0 = [
    1    1    1    1     1     1     1    1    1    1  4.26106E-02 0.00490 
];


DETcoolant_fuel_g1_to_g0E = [
 0.00000E+00  6.25000E-07  3.12500E-07
];

DETcoolant_surface6_g1_to_g0 = [
    1    1    1    1     1     1     1    1    1    1 -8.40022E-02 0.00337 
];


DETcoolant_surface6_g1_to_g0E = [
 0.00000E+00  6.25000E-07  3.12500E-07
];

DETcoolant_surface4_g1_to_g0 = [
    1    1    1    1     1     1     1    1    1    1 -8.36556E-02 0.00334 
];


DETcoolant_surface4_g1_to_g0E = [
 0.00000E+00  6.25000E-07  3.12500E-07
];

DETcoolant_surface5_g1_to_g0 = [
    1    1    1    1     1     1     1    1    1    1  8.35286E-02 0.00334 
];


DETcoolant_surface5_g1_to_g0E = [
 0.00000E+00  6.25000E-07  3.12500E-07
];

DETcoolant_surface3_g1_to_g0 = [
    1    1    1    1     1     1     1    1    1    1  8.34490E-02 0.00328 
];


DETcoolant_surface3_g1_to_g0E = [
 0.00000E+00  6.25000E-07  3.12500E-07
];

DETcoolant_coolant_g1_to_g1 = [
    1    1    1    1     1     1     1    1    1    1  3.08701E+00 0.00092 
];


DETcoolant_coolant_g1_to_g1E = [
 6.25000E-07  2.00000E+01  1.00000E+01
];

DETcoolant_fuel_g1_to_g1 = [
    1    1    1    1     1     1     1    1    1    1  1.31737E+00 0.00118 
];


DETcoolant_fuel_g1_to_g1E = [
 6.25000E-07  2.00000E+01  1.00000E+01
];

DETcoolant_surface6_g1_to_g1 = [
    1    1    1    1     1     1     1    1    1    1 -2.35864E+00 0.00093 
];


DETcoolant_surface6_g1_to_g1E = [
 6.25000E-07  2.00000E+01  1.00000E+01
];

DETcoolant_surface4_g1_to_g1 = [
    1    1    1    1     1     1     1    1    1    1 -2.36066E+00 0.00096 
];


DETcoolant_surface4_g1_to_g1E = [
 6.25000E-07  2.00000E+01  1.00000E+01
];

DETcoolant_surface5_g1_to_g1 = [
    1    1    1    1     1     1     1    1    1    1  2.36190E+00 0.00096 
];


DETcoolant_surface5_g1_to_g1E = [
 6.25000E-07  2.00000E+01  1.00000E+01
];

DETcoolant_surface3_g1_to_g1 = [
    1    1    1    1     1     1     1    1    1    1  2.35862E+00 0.00097 
];


DETcoolant_surface3_g1_to_g1E = [
 6.25000E-07  2.00000E+01  1.00000E+01
];

DETtotal_rate_coolant_g0 = [
    1    1    1    1     1     1     1    1    1    1  6.73376E+00 0.00119 
];


DETtotal_rate_coolant_g0E = [
 0.00000E+00  6.25000E-07  3.12500E-07
];

