
DETtotal_rate_1 = [
    1    1    1    1     1     1     1    1    1    1  1.75813E+00 0.00089 
    2    2    1    1     1     1     1    1    1    1  7.56445E+00 0.00088 
];


DETtotal_rate_1E = [
 0.00000E+00  6.25000E-07  3.12500E-07
 6.25000E-07  2.00000E+01  1.00000E+01
];

DETcell_1_to_cell_1 = [
    1    1    1    1     1     1     1    1    1    1  1.75813E+00 0.00089 
    2    2    1    1     1     1     1    1    1    1  7.56445E+00 0.00088 
];


DETcell_1_to_cell_1E = [
 0.00000E+00  6.25000E-07  3.12500E-07
 6.25000E-07  2.00000E+01  1.00000E+01
];

DETcell_1_to_cell_2 = [
    1    1    1    1     1     1     1    1    1    1  3.35579E+00 0.00087 
    2    2    1    1     1     1     1    1    1    1  7.11427E+00 0.00090 
];


DETcell_1_to_cell_2E = [
 0.00000E+00  6.25000E-07  3.12500E-07
 6.25000E-07  2.00000E+01  1.00000E+01
];

DETcell_1_to_surf_6 = [
    1    1    1    1     1     1     1    1    1    1  0.00000E+00 0.00000 
    2    2    1    1     1     1     1    1    1    1  0.00000E+00 0.00000 
];


DETcell_1_to_surf_6E = [
 0.00000E+00  6.25000E-07  3.12500E-07
 6.25000E-07  2.00000E+01  1.00000E+01
];

DETcell_1_to_surf_4 = [
    1    1    1    1     1     1     1    1    1    1  0.00000E+00 0.00000 
    2    2    1    1     1     1     1    1    1    1  0.00000E+00 0.00000 
];


DETcell_1_to_surf_4E = [
 0.00000E+00  6.25000E-07  3.12500E-07
 6.25000E-07  2.00000E+01  1.00000E+01
];

DETcell_1_to_surf_5 = [
    1    1    1    1     1     1     1    1    1    1  0.00000E+00 0.00000 
    2    2    1    1     1     1     1    1    1    1  0.00000E+00 0.00000 
];


DETcell_1_to_surf_5E = [
 0.00000E+00  6.25000E-07  3.12500E-07
 6.25000E-07  2.00000E+01  1.00000E+01
];

DETcell_1_to_surf_3 = [
    1    1    1    1     1     1     1    1    1    1  0.00000E+00 0.00000 
    2    2    1    1     1     1     1    1    1    1  0.00000E+00 0.00000 
];


DETcell_1_to_surf_3E = [
 0.00000E+00  6.25000E-07  3.12500E-07
 6.25000E-07  2.00000E+01  1.00000E+01
];

DETtotal_rate_2 = [
    1    1    1    1     1     1     1    1    1    1  6.74190E+00 0.00121 
    2    2    1    1     1     1     1    1    1    1  1.31864E+01 0.00076 
];


DETtotal_rate_2E = [
 0.00000E+00  6.25000E-07  3.12500E-07
 6.25000E-07  2.00000E+01  1.00000E+01
];

DETcell_2_to_cell_1 = [
    1    1    1    1     1     1     1    1    1    1  1.03098E+00 0.00104 
    2    2    1    1     1     1     1    1    1    1  2.37813E+00 0.00098 
];


DETcell_2_to_cell_1E = [
 0.00000E+00  6.25000E-07  3.12500E-07
 6.25000E-07  2.00000E+01  1.00000E+01
];

DETcell_2_to_cell_2 = [
    1    1    1    1     1     1     1    1    1    1  6.74190E+00 0.00121 
    2    2    1    1     1     1     1    1    1    1  1.31864E+01 0.00076 
];


DETcell_2_to_cell_2E = [
 0.00000E+00  6.25000E-07  3.12500E-07
 6.25000E-07  2.00000E+01  1.00000E+01
];

DETcell_2_to_surf_6 = [
    1    1    1    1     1     1     1    1    1    1  0.00000E+00 0.00000 
    2    2    1    1     1     1     1    1    1    1  0.00000E+00 0.00000 
];


DETcell_2_to_surf_6E = [
 0.00000E+00  6.25000E-07  3.12500E-07
 6.25000E-07  2.00000E+01  1.00000E+01
];

DETcell_2_to_surf_4 = [
    1    1    1    1     1     1     1    1    1    1  0.00000E+00 0.00000 
    2    2    1    1     1     1     1    1    1    1  0.00000E+00 0.00000 
];


DETcell_2_to_surf_4E = [
 0.00000E+00  6.25000E-07  3.12500E-07
 6.25000E-07  2.00000E+01  1.00000E+01
];

DETcell_2_to_surf_5 = [
    1    1    1    1     1     1     1    1    1    1  0.00000E+00 0.00000 
    2    2    1    1     1     1     1    1    1    1  0.00000E+00 0.00000 
];


DETcell_2_to_surf_5E = [
 0.00000E+00  6.25000E-07  3.12500E-07
 6.25000E-07  2.00000E+01  1.00000E+01
];

DETcell_2_to_surf_3 = [
    1    1    1    1     1     1     1    1    1    1  1.46210E+00 0.00131 
    2    2    1    1     1     1     1    1    1    1  4.18333E+00 0.00087 
];


DETcell_2_to_surf_3E = [
 0.00000E+00  6.25000E-07  3.12500E-07
 6.25000E-07  2.00000E+01  1.00000E+01
];

DETsurf_count_6 = [
    1    1    1    1     1     1     1    1    1    1  1.78596E+00 0.00127 
    2    2    1    1     1     1     1    1    1    1  9.68497E+00 0.00092 
];


DETsurf_count_6E = [
 0.00000E+00  6.25000E-07  3.12500E-07
 6.25000E-07  2.00000E+01  1.00000E+01
];

DETsurf_6_to_cell_1 = [
    1    1    1    1     1     1     1    1    1    1  2.17876E-01 0.00214 
    2    2    1    1     1     1     1    1    1    1  1.21405E+00 0.00122 
];


DETsurf_6_to_cell_1E = [
 0.00000E+00  6.25000E-07  3.12500E-07
 6.25000E-07  2.00000E+01  1.00000E+01
];

DETsurf_6_to_cell_2 = [
    1    1    1    1     1     1     1    1    1    1  8.98327E-01 0.00158 
    2    2    1    1     1     1     1    1    1    1  2.31770E+00 0.00097 
];


DETsurf_6_to_cell_2E = [
 0.00000E+00  6.25000E-07  3.12500E-07
 6.25000E-07  2.00000E+01  1.00000E+01
];

DETsurf_6_to_surf_6 = [
    1    1    1    1     1     1     1    1    1    1  0.00000E+00 0.00000 
    2    2    1    1     1     1     1    1    1    1  0.00000E+00 0.00000 
];


DETsurf_6_to_surf_6E = [
 0.00000E+00  6.25000E-07  3.12500E-07
 6.25000E-07  2.00000E+01  1.00000E+01
];

DETsurf_6_to_surf_4 = [
    1    1    1    1     1     1     1    1    1    1 -2.38499E-01 0.00215 
    2    2    1    1     1     1     1    1    1    1 -2.03018E+00 0.00113 
];


DETsurf_6_to_surf_4E = [
 0.00000E+00  6.25000E-07  3.12500E-07
 6.25000E-07  2.00000E+01  1.00000E+01
];

DETsurf_6_to_surf_5 = [
    1    1    1    1     1     1     1    1    1    1 -1.93054E-01 0.00276 
    2    2    1    1     1     1     1    1    1    1 -2.09455E+00 0.00137 
];


DETsurf_6_to_surf_5E = [
 0.00000E+00  6.25000E-07  3.12500E-07
 6.25000E-07  2.00000E+01  1.00000E+01
];

DETsurf_6_to_surf_3 = [
    1    1    1    1     1     1     1    1    1    1 -2.38209E-01 0.00232 
    2    2    1    1     1     1     1    1    1    1 -2.02845E+00 0.00112 
];


DETsurf_6_to_surf_3E = [
 0.00000E+00  6.25000E-07  3.12500E-07
 6.25000E-07  2.00000E+01  1.00000E+01
];

DETsurf_count_4 = [
    1    1    1    1     1     1     1    1    1    1  1.78770E+00 0.00127 
    2    2    1    1     1     1     1    1    1    1  9.68253E+00 0.00089 
];


DETsurf_count_4E = [
 0.00000E+00  6.25000E-07  3.12500E-07
 6.25000E-07  2.00000E+01  1.00000E+01
];

DETsurf_4_to_cell_1 = [
    1    1    1    1     1     1     1    1    1    1  2.18012E-01 0.00220 
    2    2    1    1     1     1     1    1    1    1  1.21559E+00 0.00115 
];


DETsurf_4_to_cell_1E = [
 0.00000E+00  6.25000E-07  3.12500E-07
 6.25000E-07  2.00000E+01  1.00000E+01
];

DETsurf_4_to_cell_2 = [
    1    1    1    1     1     1     1    1    1    1  8.98920E-01 0.00153 
    2    2    1    1     1     1     1    1    1    1  2.31635E+00 0.00098 
];


DETsurf_4_to_cell_2E = [
 0.00000E+00  6.25000E-07  3.12500E-07
 6.25000E-07  2.00000E+01  1.00000E+01
];

DETsurf_4_to_surf_6 = [
    1    1    1    1     1     1     1    1    1    1 -2.39201E-01 0.00226 
    2    2    1    1     1     1     1    1    1    1 -2.02947E+00 0.00113 
];


DETsurf_4_to_surf_6E = [
 0.00000E+00  6.25000E-07  3.12500E-07
 6.25000E-07  2.00000E+01  1.00000E+01
];

DETsurf_4_to_surf_4 = [
    1    1    1    1     1     1     1    1    1    1  0.00000E+00 0.00000 
    2    2    1    1     1     1     1    1    1    1  0.00000E+00 0.00000 
];


DETsurf_4_to_surf_4E = [
 0.00000E+00  6.25000E-07  3.12500E-07
 6.25000E-07  2.00000E+01  1.00000E+01
];

DETsurf_4_to_surf_5 = [
    1    1    1    1     1     1     1    1    1    1 -2.38693E-01 0.00230 
    2    2    1    1     1     1     1    1    1    1 -2.03080E+00 0.00114 
];


DETsurf_4_to_surf_5E = [
 0.00000E+00  6.25000E-07  3.12500E-07
 6.25000E-07  2.00000E+01  1.00000E+01
];

DETsurf_4_to_surf_3 = [
    1    1    1    1     1     1     1    1    1    1 -1.92875E-01 0.00266 
    2    2    1    1     1     1     1    1    1    1 -2.09029E+00 0.00137 
];


